node	ALT	BOTH	CAN
root	0.4355614677683343	0.1493841913694494	0.41505434086221626
'826'	0.4277998745851777	0.1500897070427624	0.42211041837206
'1015'	0.43715017893396196	0.14881376094796617	0.4140360601180719
'56'	0.5303807551769444	0.11454750643573963	0.3550717383873159
'827'	0.24926342370653845	0.18038089116452322	0.5703556851289383
'1003'	0.4374741859854623	0.14867811336618272	0.41384770064835497
Dictyostelium_purpureum	1.0	0.0	0.0
'60'	0.5522098339926353	0.105562597884578	0.34222756812278665
Caulochytrium_protostelioides	1.0	0.0	0.0
'48'	0.3932634747156035	0.21222959388549342	0.394506931398903
'828'	0.21650171041246247	0.18010344815877088	0.6033948414287665
'983'	0.4396608808057717	0.14758994125640837	0.41274917793781996
'1011'	0.4374741859854623	0.14867811336618272	0.41384770064835497
'57'	0.5766108068608379	0.09886235521191793	0.32452683792724424
Smittium_culicis	0.0	0.0	1.0
Amphimedon_queenslandica	0.0	1.0	0.0
Ephydatia_muelleri	1.0	0.0	0.0
'823'	0.20518529173874908	0.17756147358757499	0.617253234673676
Trichoplax_adhaerens	0.0	1.0	0.0
'951'	0.43972731882462174	0.1476020220453987	0.41267065912997947
'985'	0.4386078322185622	0.14473940164293506	0.4166527661385028
Streblomastix_strix	1.0	0.0	0.0
'1004'	0.43708064365158295	0.14900662761964428	0.4139127287287728
'49'	0.5960660965884712	0.09294287889965085	0.310991024511878
Choanephora_cucurbitarum	1.0	0.0	0.0
'797'	0.19594736481229927	0.17778638202862246	0.6262662531590782
'814'	0.3384345845206085	0.12306782569365474	0.5384975897857368
'955'	0.45010129089775325	0.14500014393999744	0.4048985651622492
'952'	0.44276445389991925	0.14809368883254953	0.4091418572675312
'970'	0.42858254988159095	0.1339822680589942	0.4374351820594148
'987'	0.43938355235771087	0.1441505826786208	0.41646586496366844
Naegleria_gruberi	0.0	0.0	1.0
'1006'	0.44111143553317456	0.14890077771396842	0.409987786752857
'25'	0.6626574841157262	0.08456376250517851	0.2527787533790953
'50'	0.5914877584795782	0.08537055134885524	0.3231416901715665
'560'	0.19812656364174264	0.3393555685749162	0.46251786778334114
'785'	0.18826843162076293	0.142888482550805	0.668843085828432
'815'	0.3384345845206085	0.12306782569365474	0.5384975897857368
Paramuricea_clavata	0.0	0.0	1.0
Bathycoccus_prasinos	0.0	0.0	1.0
'956'	0.772164237039116	0.06950599127669371	0.15832977168419027
'953'	0.4513641573293907	0.14617630378652965	0.40245953888407965
Rhodosorus_marinus	1.0	0.0	0.0
'966'	0.42858254988159095	0.1339822680589942	0.4374351820594148
'950'	0.9818892734025072	0.004803467927233125	0.013307258670259583
'989'	0.7302479407420739	0.055233896409009324	0.21451816284891675
'995'	0.43577150111489804	0.1443391462580131	0.419889352627089
Eutreptiella_gymnastica	1.0	0.0	0.0
'1007'	0.7255403869989041	0.07322493492958643	0.20123467807150933
'13'	0.6827284075234694	0.08071746719546596	0.23655412528106462
Puccinia_striiformis	1.0	0.0	0.0
'35'	0.4267194114368721	0.08650627227247353	0.48677431629065443
'51'	0.6125043706380201	0.08453640232570306	0.30295922703627687
'72'	0.3594001580536248	0.19108534304111102	0.4495144989052641
'551'	0.1558082942304856	0.4952122705307119	0.34897943523880265
'743'	0.15899314490952843	0.10556608335155056	0.7354407717389209
'786'	0.24409374665381353	0.10884565656594393	0.6470605967802424
'784'	0.3658564637416959	0.1193133102967513	0.5148302259615527
'804'	0.34160968344875253	0.12286503031824415	0.5355252862330032
'957'	0.8637127071446071	0.04960626186951747	0.08668103098587551
Ceratopteris_richardii	1.0	0.0	0.0
'954'	0.6352098913447182	0.09731980668884804	0.2674703019664338
Neoporphyra_haitanensis	1.0	0.0	0.0
Phaeocystis_antarctica	0.0	0.0	1.0
Haptolina_ericina	0.0	0.0	1.0
Coccolithus_braarudii	1.0	0.0	0.0
Calcidiscus_leptoporus	1.0	0.0	0.0
'949'	0.7251992767319712	0.05481266407952935	0.2199880591884997
'990'	0.8919183304478626	0.026082239483231972	0.08199943006890549
'988'	0.4358861916614912	0.14509648632251498	0.4190173220159939
'996'	0.4296658465802062	0.14508234212474608	0.4252518112950478
Leishmania_braziliensis	1.0	0.0	0.0
Trypanosoma_theileri	1.0	0.0	0.0
'14'	0.7382486492000805	0.06842790264531648	0.193323448154603
Ceraceosorus_guamensis	1.0	0.0	0.0
'36'	0.4030326516625606	0.006273389490495977	0.5906939588469434
Ceratocystis_fimbriata_cbs_114723	0.0	0.0	1.0
Ascoidea_rubescens_dsm_1968	1.0	0.0	0.0
'33'	0.8293376000578911	0.04337111168081304	0.12729128826129593
'68'	0.4203549861228006	0.14801164548505677	0.43163336839214267
'73'	0.39983010036497457	0.14831503435892135	0.4518548652761041
'84'	0.4788989438591979	0.02758285415506583	0.4935182019857363
'553'	0.1558082942304856	0.4952122705307119	0.34897943523880265
'731'	0.09042808531091284	0.047128874369971166	0.862443040319116
Hypsibius_exemplaris	0.0	0.0	1.0
Brachionus_plicatilis	1.0	0.0	0.0
'790'	0.25465241173887554	0.0997668817440414	0.645580706517083
Stylophora_pistillata	0.0	0.0	1.0
'796'	0.5923127716022366	0.09466040238688386	0.3130268260108795
Aurelia_aurita	0.0	0.0	1.0
Hydra_vulgaris	1.0	0.0	0.0
'929'	0.8959478424129507	0.0677873079644831	0.03626484962256633
'623'	0.8941065349978725	0.03401902543519557	0.0718744395669319
Gracilariopsis_chorda	1.0	0.0	0.0
Chondrus_crispus	1.0	0.0	0.0
'969'	0.647059093937517	0.05874783521901642	0.29419307084346663
Attheya_septentrionalis	1.0	0.0	0.0
'947'	0.9470422907592264	0.013395139937161103	0.039562569303612544
Aphanomyces_stellatus	1.0	0.0	0.0
Paramecium_octaurelia	0.0	0.0	1.0
Oxytricha_trifallax	1.0	0.0	0.0
Noctiluca_scintillans	0.0	0.0	1.0
Besnoitia_besnoiti	0.0	0.0	1.0
Phaffia_rhodozyma	1.0	0.0	0.0
Kwoniella_bestiolae_cbs_10118	1.0	0.0	0.0
Penicillium_chrysogenum	1.0	0.0	0.0
'37'	0.002519181835281048	6.824112730025688e-05	0.9974125770374186
'43'	0.8320530754733068	0.04283809224730085	0.12510883227939243
Hanseniaspora_osmophila	1.0	0.0	0.0
'47'	0.9488576048934968	0.013485247104966104	0.03765714800153709
Stichopus_japonicus	0.0	0.0	1.0
Acanthaster_planci	0.0	0.0	1.0
Pisaster_ochraceus	1.0	0.0	0.0
Branchiostoma_lanceolatum	1.0	0.0	0.0
Branchiostoma_floridae	0.0	0.0	1.0
'365'	0.12494581151882753	0.621616848551682	0.2534373399294905
'554'	0.24247730199929796	0.27631176410694747	0.4812109338937545
'733'	0.07642301056200047	0.03721887957433048	0.8863581098636691
'732'	0.1244670626236275	0.04431156604737869	0.8312213713289939
'742'	0.2812378214122062	0.10483050257189046	0.6139316760159034
'791'	0.27356365160984814	0.09090271285339091	0.6355336355367609
Actinia_tenebrosa	1.0	0.0	0.0
Nematostella_vectensis	1.0	0.0	0.0
Amborella_trichopoda	0.0	1.0	0.0
'935'	0.9967826482070735	0.002112314654686707	0.0011050371382397386
'625'	0.953287000288304	0.013311065507683566	0.03340193420401244
Picea_sitchensis	1.0	0.0	0.0
Ectocarpus_siliculosus	0.0	0.0	1.0
Tribonema_minus	1.0	0.0	0.0
'948'	0.9789686252010922	0.00553118641368296	0.015500188385224885
Albugo_laibachii_nc14	1.0	0.0	0.0
Penicillium_arizonense	0.0	0.0	1.0
Penicillium_antarcticum	0.0	0.0	1.0
'34'	0.9708806160723483	0.0076311356986112	0.021488248229040444
[Candida]_intermedia	0.5660853392714618	0.11511564754691252	0.3187990131816258
'63'	0.991860279785945	0.0021568448159683096	0.005982875398086679
Lytechinus_variegatus	1.0	0.0	0.0
'537'	0.03394445724385044	0.9151783490134354	0.050877193742714266
'391'	0.1695838095897073	0.5991421127058895	0.23127407770440317
Oikopleura_dioica	0.0	0.0	1.0
Ciona_savignyi	0.0	0.0	1.0
'689'	0.06706494233253935	0.03251555912241301	0.9004194985450477
'734'	0.2863750522264499	0.06438914005273584	0.6492358077208142
Trichinella_patagoniensis	0.0	0.0	1.0
Trichuris_suis	0.0	0.0	1.0
Lingula_unguis	0.0	0.0	1.0
Terebratalia_transversa	0.0	0.0	1.0
'772'	0.28058847027577866	0.0828125687641283	0.636598960960093
'787'	0.5607703384721703	0.0679729120323661	0.37125674949546367
'908'	0.9990189446193212	0.0008320459162010801	0.00014900946447761438
'930'	0.9996398462184303	0.0001676985079523697	0.0001924552736173565
Araucaria_cunninghamii	1.0	0.0	0.0
Wollemia_nobilis	1.0	0.0	0.0
Phytophthora_sojae_strain_p6497	0.9284867994900883	0.019007277868024263	0.05250592264188751
Phytophthora_ramorum	1.0	0.0	0.0
Pichia_kudriavzevii	1.0	0.0	0.0
Eeniella_nana	1.0	0.0	0.0
Paracentrotus_lividus	1.0	0.0	0.0
Strongylocentrotus_purpuratus	1.0	0.0	0.0
Callorhinchus_milii	0.0	1.0	0.0
'538'	0.004061027670395859	0.990068374829845	0.005870597499759048
Eptatretus_burgeri	0.0	1.0	0.0
Petromyzon_marinus	0.0	1.0	0.0
'593'	0.08649520105838474	0.039994063293782224	0.8735107356478331
'690'	0.06370385687157112	0.029939597970845753	0.9063565451575831
Anisakis_simplex	1.0	0.0	0.0
'687'	0.23125660434840514	0.032411418845820314	0.7363319768057746
'730'	0.2631247722596422	0.08377916117579286	0.653096066564565
'774'	0.31474635566507453	0.0784559160848772	0.6067977282500483
'780'	0.5607703384721701	0.06797291203236637	0.37125674949546356
'770'	0.7994666503497914	0.04515710940623455	0.1553762402439742
'801'	0.9992563216025794	0.00064387027370058	9.98081237199905e-05
'903'	0.9939961446277107	0.004434153851848877	0.0015697015204405081
'626'	0.9999247433226299	2.3879017519437384e-05	5.1377659850554865e-05
'931'	0.9974581112107079	0.0007315544882052056	0.001810334301086816
'198'	0.005417319694018688	0.9882403794499721	0.006342300856009134
'540'	0.003984203381068754	0.9906930680593586	0.0053227285595726015
'579'	0.09776262322869304	0.045225529951628214	0.8570118468196788
'589'	0.18077169747881083	0.02263173752794394	0.7965965649932453
'716'	0.03436586339247842	0.01695373106895643	0.948680405538565
Strigamia_maritima	1.0	0.0	0.0
Meloidogyne_incognita	1.0	0.0	0.0
'723'	0.1783514324668946	0.02762745965263651	0.7940211078804689
Helobdella_robusta	0.0	0.0	1.0
'740'	0.2631247722596422	0.08377916117579286	0.653096066564565
'686'	0.21244636357987257	0.06853860292671406	0.7190150334934133
'629'	0.3263955060678632	0.07856711029860577	0.5950373836335311
'777'	0.5607703384721701	0.06797291203236637	0.37125674949546356
'771'	0.003219649048388101	0.0009712559528649118	0.995809094998747
Paragonimus_heterotremus	1.0	0.0	0.0
Schistosoma_haematobium	1.0	0.0	0.0
'802'	0.9992163913613069	0.0006808127599585976	0.00010279587873452046
Nelumbo_nucifera	1.0	0.0	0.0
'904'	0.9734117993131814	0.021372662575997826	0.0052155381108208
Papaver_somniferum	1.0	0.0	0.0
'926'	0.9999956753401664	1.2931128840490935e-06	3.0315469494642715e-06
Dioscorea_zingiberensis	1.0	0.0	0.0
Zostera_marina	1.0	0.0	0.0
Spirodela_intermedia	1.0	0.0	0.0
'238'	0.0037770763012774395	0.9920461521807776	0.004176771517944948
Erpetoichthys_calabaricus	0.0	1.0	0.0
'541'	0.0014166747421148252	0.9963403296904931	0.0022429955673919835
Latimeria_chalumnae	0.0	1.0	0.0
'10'	0.21752367505275527	0.061852029059973994	0.7206242958872707
'581'	0.10227834169325208	0.04832768811777878	0.8493939701889691
'578'	0.19128541042107086	0.021882236695562475	0.7868323528833666
Parasteatoda_tepidariorum	0.0	0.0	1.0
'691'	0.0329450447965725	0.01636367543534318	0.9506912797680842
'717'	0.14077263770624784	0.05087916262593655	0.8083481996678157
'724'	0.0006785603455056029	0.00375232966710735	0.995569109987387
Pristionchus_pacificus	0.0	0.0	1.0
Owenia_fusiformis	0.0	0.0	1.0
Capitella_teleta	0.0	0.0	1.0
Sepia_pharaonis	0.0	0.0	1.0
Octopus_vulgaris	0.0	0.0	1.0
'760'	0.5073046752388654	0.077888401056187	0.41480692370494765
'679'	0.33136164803885115	0.09583891653572553	0.5727994354254233
Protopolystoma_xenopodis	1.0	0.0	0.0
Schmidtea_mediterranea	1.0	0.0	0.0
Echinococcus_granulosus	0.0	0.0	1.0
Taenia_asiatica	0.0	0.0	1.0
'866'	0.9999954084769629	3.5124153667925332e-06	1.0791076703089513e-06
Tetracentron_sinense	0.0	1.0	0.0
Kingdonia_uniflora	0.0	1.0	0.0
'769'	0.9951128741245105	0.0029771610512146314	0.001909964824274796
'917'	0.9999956753401664	1.2931128840490935e-06	3.0315469494642715e-06
'627'	0.9996787392711716	8.57969910542298e-05	0.00023546373777418684
'87'	0.003063611396235305	0.9940009763112997	0.002935412292465069
'240'	0.0008502799597147137	0.9970832706677608	0.0020664493725244745
'255'	0.00214573730641119	0.9939716330321162	0.003882629661472673
'542'	0.0013631688951541846	0.9950454470311086	0.003591384073737166
'364'	0.4904829200645707	0.042653046682939275	0.4668640332524901
Tropilaelaps_mercedesae	0.0	0.0	1.0
'569'	0.004677203365160072	0.0016437934554235586	0.9936790031794164
'567'	0.18809605202226415	0.1281412454823914	0.6837627024953445
Araneus_ventricosus	1.0	0.0	0.0
'584'	0.0014055023834876764	0.0003161181750708509	0.9982783794414414
'693'	0.03377153040348724	0.016025259311278534	0.9502032102852341
'705'	0.04334891313438095	0.020827732299611306	0.9358233545660078
Notodromas_monacha	0.0	0.0	1.0
Darwinula_stevensoni	0.0	0.0	1.0
Caenorhabditis_japonica	0.0	0.0	1.0
'725'	0.0006785603455056029	0.00375232966710735	0.995569109987387
'684'	0.5254836120693749	0.07889758755639482	0.3956188003742303
'680'	0.48764464996078477	0.07712836993143282	0.43522698010778227
'757'	0.3707659980589053	0.1173657873956142	0.5118682145454805
Littorina_littorea	0.0	0.0	1.0
'848'	0.9999908585803333	2.5054208354406554e-06	6.635998831214082e-06
'878'	0.9999960290960966	1.6253399298470057e-06	2.345563973551045e-06
'783'	0.9996380531874448	0.0001311301200120401	0.00023081669254313954
Coptis_chinensis	1.0	0.0	0.0
'918'	0.999943813070255	1.5000922071527446e-05	4.1186007673527004e-05
Cocos_nucifera	1.0	0.0	0.0
Asparagus_officinalis	1.0	0.0	0.0
'913'	0.9994013791281593	0.0001597197662727615	0.0004389011055680051
Lepisosteus_oculatus	0.0	1.0	0.0
Atractosteus_spatula	0.0	1.0	0.0
'203'	0.0011499075773058229	0.9949815004047394	0.0038685920179547246
'199'	0.0065503934643516394	0.9869134042595386	0.006536202276109843
'246'	0.002914919673153278	0.9912582510800282	0.005826829246818635
'245'	0.0011121837376968909	0.9977454236395793	0.001142392622723743
'440'	0.001957980857188094	0.9965266668657993	0.0015153522770127304
'543'	0.004238426659948189	0.9759360666094254	0.019825506730626424
Ixodes_ricinus	1.0	0.0	0.0
'550'	0.3781503491968975	0.014238438698033382	0.6076112121050692
Dermatophagoides_pteronyssinus	0.0	0.0	1.0
Dermatophagoides_farinae	0.0	0.0	1.0
Tetranychus_urticae	0.0	0.0	1.0
Leptotrombidium_deliense	0.0	1.0	0.0
Trichonephila_clavata	0.0	0.0	1.0
Trichonephila_inaurata_madagascariensis	0.0	0.0	1.0
'697'	0.03301741248899509	0.01381650063076958	0.9531660868802353
Daphnia_galeata	0.0	0.0	1.0
'701'	0.4726240301406341	0.41637130609967005	0.11100466375969592
'706'	0.053558006387708516	0.022428298481026256	0.9240136951312652
'688'	0.0018512434353868672	0.04344241232775187	0.9547063442368613
Caenorhabditis_elegans	0.0	0.0	1.0
'752'	0.5281690076202651	0.07947459968896331	0.3923563926907716
Tegillarca_granosa	1.0	0.0	0.0
Cyclina_sinensis	0.0	0.0	1.0
Mya_arenaria	1.0	0.0	0.0
Lottia_gigantea	0.0	0.0	1.0
'765'	0.4567587568827113	0.149070237714886	0.3941710054024027
'821'	0.9992248887287284	0.00020683274608338987	0.0005682785251881691
'852'	0.9999698354453894	8.073433721542595e-06	2.2091120888968868e-05
'880'	0.9999961520467112	1.1745067697371957e-06	2.6734465191476924e-06
Kalanchoe_fedtschenkoi	1.0	0.0	0.0
Aquilegia_coerulea	1.0	0.0	0.0
Thalictrum_thalictroides	1.0	0.0	0.0
'902'	0.9976885326293163	0.0006167062033064956	0.0016947611673772433
'919'	0.9999094790640699	2.4157161924605766e-05	6.636377400544055e-05
'915'	0.99930062810019	0.0001865994213096622	0.0005127724785002497
Apostasia_shenzhenica	1.0	0.0	0.0
'233'	4.74457042679767e-05	0.9998675448942297	8.500940150232897e-05
'223'	0.07218833490375555	0.3981246514382306	0.529687013658014
Paramormyrops_kingsleyae	0.0	1.0	0.0
Scleropages_formosus	0.0	1.0	0.0
Leptobrachium_leishanense	0.0	1.0	0.0
'247'	0.01850875903107284	0.934126501536328	0.04736473943259906
Hymenochirus_boettgeri	0.0	1.0	0.0
'251'	0.00033099134783692657	0.999348521664034	0.00032048698812900156
'442'	0.0014727535164016238	0.9978257272927851	0.000701519190813303
Ornithorhynchus_anatinus	0.0	1.0	0.0
'452'	0.004971112103330552	0.9758849884236956	0.019143899472973812
'392'	0.02466094531607083	0.8832822901204127	0.0920567645635166
'558'	0.04497059268186753	0.0028365007513541478	0.9521929065667784
Hyalomma_excavatum	1.0	0.0	0.0
Folsomia_candida	0.0	0.0	1.0
'694'	0.016849559110459024	0.006680519359449406	0.9764699215300915
Caligus_rogercresseyi	1.0	0.0	0.0
Lepeophtheirus_salmonis	0.0	1.0	0.0
Amphibalanus_amphitrite	0.0	0.0	1.0
'707'	0.049514652087288814	0.018583828929439262	0.9319015189832719
Caenorhabditis_remanei	0.0	0.0	1.0
Caenorhabditis_brenneri	0.0	1.0	0.0
'685'	0.5285867776178147	0.0799238746072818	0.39148934777490346
'753'	0.9999641369197689	9.147753990959431e-06	2.6715326240143198e-05
'758'	0.4567587568827113	0.149070237714886	0.3941710054024027
Aplysia_californica	1.0	0.0	0.0
'822'	0.9975154631840936	0.0006628868537516181	0.0018216499621548634
Rheum_australe	1.0	0.0	0.0
Nyssa_sinensis	1.0	0.0	0.0
'849'	0.9999347407687387	1.7433409201665866e-05	4.782582205960931e-05
Vitis_vinifera	1.0	0.0	0.0
'881'	0.9999985670322522	3.264819271926854e-07	1.1064858205002754e-06
Musa_balbisiana	1.0	0.0	0.0
Ensete_ventricosum	1.0	0.0	0.0
Ananas_comosus	1.0	0.0	0.0
'628'	0.9996181311156391	0.00010188756498695007	0.000279981319373961
'916'	0.9999485078062449	1.3738252557323538e-05	3.775394119776955e-05
Vanilla_planifolia	1.0	0.0	0.0
'187'	0.00022148509790487726	0.9995568657888081	0.00022164911328705707
'234'	0.00025501919590959404	0.9995622085479631	0.00018277225612728306
Megalops_atlanticus	0.0	0.0	1.0
Albula_glossodonta	0.0	0.0	1.0
'196'	0.018455677567785957	0.8834719112283457	0.09807241120386848
Lithobates_catesbeianus	0.23417171393642475	0.5276511948209617	0.2381770912426136
Xenopus_laevis	0.0	1.0	0.0
Xenopus_tropicalis	0.0	1.0	0.0
'267'	0.0002592199780646614	0.9992779065282915	0.0004628734936437431
'413'	0.01747377192726511	0.9799381166072983	0.00258811146543653
'453'	0.005366766461132086	0.9492306114900411	0.045402622048826856
Sphenodon_punctatus	0.0	1.0	0.0
'515'	0.06159947274449726	0.7184039536737338	0.2199965735817689
'406'	0.07393809398180622	0.7925235197970035	0.13353838622119016
Rhipicephalus_microplus	0.0	0.0	1.0
Rhipicephalus_pulchellus	0.0	0.0	1.0
'681'	0.009904893077770502	0.004009465553610904	0.9860856413686186
Cloeon_dipterum	0.0	0.0	1.0
'700'	0.0756615284205769	0.027237846068105167	0.897100625511318
'708'	0.0510244665436405	0.019038293066484607	0.9299372403898749
'747'	0.5032261650026038	0.12805415059341257	0.36871968440398367
Mizuhopecten_yessoensis	1.0	0.0	0.0
Mytilus_galloprovincialis	1.0	0.0	0.0
Mytilus_edulis	1.0	0.0	0.0
'759'	0.46601363147695213	0.12321288422464233	0.4107734842984056
Elysia_chlorotica	0.0	1.0	0.0
Chenopodium_quinoa	1.0	0.0	0.0
Dianthus_caryophyllus	1.0	0.0	0.0
'811'	0.9998493101443068	4.031306251545604e-05	0.0001103767931776929
Camellia_sinensis	1.0	0.0	0.0
'803'	0.9997639133511186	3.2774808415854564e-05	0.00020331184046548545
'882'	0.9999933510964663	1.57639176976888e-06	5.07251176402332e-06
'768'	0.9997478832984235	6.7265434196983e-05	0.00018485126737956856
Carex_littledalei	1.0	0.0	0.0
Dendrobium_nobile	1.0	0.0	0.0
Dendrobium_catenatum	1.0	0.0	0.0
'94'	0.0015614088101084554	0.9969449400152594	0.0014936511746321544
'191'	0.00022209920688078395	0.9995653230465149	0.00021257774660434568
'228'	0.00608795879192572	0.9910345098834529	0.0028775313246213454
'224'	0.002802236438005664	0.9945359588839121	0.0026618046780821835
Ranitomeya_imitator	0.0	0.0	1.0
Eleutherodactylus_coqui	0.0	1.0	0.0
'244'	0.00018266256071770783	0.9987841037485444	0.0010332336907378063
Monodelphis_domestica	0.0	1.0	0.0
'429'	0.006368514539888899	0.9935692154083106	6.227005180052809e-05
'435'	0.11177400185766842	0.8648823293347211	0.023343668807610546
'412'	0.006725762957895141	0.9441792742117912	0.04909496283031376
'455'	0.008889161296335856	0.9351720812355038	0.055938757468160384
'459'	0.3947285376404952	0.13395983397971695	0.4713116283797878
'516'	0.008281583566336709	0.10703343516389026	0.8846849812697731
Pelodiscus_sinensis	0.0	0.0	1.0
'514'	0.11469634037250766	0.824692574575636	0.060611085051856355
'592'	0.0010841663033510519	0.00037763898078503003	0.9985381947158639
'630'	0.0023165101137324656	0.0012257471484364857	0.996457742737831
Armadillidium_nasatum	0.0	0.0	1.0
Hirondellea_gigas	0.0	0.0	1.0
'692'	0.018918830864821073	0.006611694635898405	0.9744694744992805
'709'	0.05102014313742743	0.01788654122195989	0.9310933156406127
'748'	0.042687962515268976	0.4511796364261159	0.5061324010586151
Pinctada_fucata	1.0	0.0	0.0
Candidula_unifasciata	0.0	0.0	1.0
Biomphalaria_glabrata	1.0	0.0	0.0
'812'	0.999951153689526	1.3276002424001827e-05	3.5570308049989956e-05
Coffea_canephora	1.0	0.0	0.0
'858'	0.9991430905577569	0.00021469438802563327	0.0006422150542175788
'807'	0.9881771553128311	0.0008713861667313727	0.010951458520437557
'869'	0.9996643377815108	8.945037379899121e-05	0.0002462118446902534
'883'	0.9999014799742093	2.053986718040058e-05	7.798015861029271e-05
'900'	0.9999875649633541	3.3176989145737573e-06	9.117337731406793e-06
'898'	0.9997478832984235	6.7265434196983e-05	0.00018485126737956856
Esox_lucius	0.0	1.0	0.0
'79'	6.142666606178161e-05	0.9998798362270407	5.8737106897490795e-05
'188'	5.006270439100877e-05	0.9999020889073736	4.784838823535304e-05
Gadus_morhua	0.0	1.0	0.0
'229'	0.0006950081756298507	0.9975149527465499	0.001790039077820335
Chanos_chanos	1.0	0.0	0.0
Clupea_harengus	0.0	1.0	0.0
Denticeps_clupeoides	0.0	1.0	0.0
Sarcophilus_harrisii	0.0	1.0	0.0
'254'	0.0016233500732022227	0.9768058335538548	0.0215708163729431
'342'	0.012771509670816238	0.9871292937370029	9.919659218085628e-05
'430'	0.00041046967055280616	0.9995865404981434	2.9898313037071267e-06
'414'	0.806536545843679	0.18192205020217028	0.011541403954150743
Dasypus_novemcinctus	0.0	0.0	1.0
'438'	0.04446330810580587	0.3106752950700584	0.6448613968241357
Anolis_carolinensis	0.0	1.0	0.0
Salvator_merianae	0.0	0.0	1.0
Podarcis_muralis	0.0	1.0	0.0
Crocodylus_porosus	0.0	0.0	1.0
Alligator_mississippiensis	1.0	0.0	0.0
Nothocercus_nigrocapillus	0.0	0.0	1.0
'517'	0.0008688482102379784	0.09648680818075095	0.9026443436090111
'534'	0.004517019807078661	0.9926676745078875	0.0028153056850337655
Chelydra_serpentina	1.0	0.0	0.0
Timema_bartmani	0.0	0.0	1.0
Timema_californicum	0.0	0.0	1.0
'669'	0.0016055601596349854	0.0007085257735917321	0.9976859140667732
'631'	0.007888066938636074	0.004509892279214933	0.987602040782149
Penaeus_vannamei	0.0	0.0	1.0
Penaeus_monodon	0.0	0.0	1.0
Portunus_trituberculatus	0.0	0.0	1.0
Chionoecetes_opilio	0.0	0.0	1.0
Crassostrea_hongkongensis	0.0	0.0	1.0
Crassostrea_gigas	0.0	1.0	0.0
'839'	0.9997978745193923	6.338383807204226e-05	0.00013874164253566826
'813'	0.9992826583484455	0.00019147910140456618	0.0005258625501499514
'846'	0.9998410537845249	4.235515288194339e-05	0.00011659106259311946
'862'	0.9996183085710646	0.00010165742910356619	0.000280033999831884
'808'	0.9279351956423019	0.002889499547849958	0.06917530480984818
Punica_granatum	1.0	0.0	0.0
Cephalotus_follicularis	1.0	0.0	0.0
'870'	0.9981392571567971	0.0004963904474044237	0.0013643523957983855
'867'	0.9987552841029265	0.00010414992981586635	0.00114056596725769
'884'	0.9964802624298982	0.00312032691713588	0.0003994106529659059
Oryza_punctata	1.0	0.0	0.0
'901'	0.9999998837429808	3.101766353815375e-08	8.523935580427454e-08
Zea_mays	1.0	0.0	0.0
Eragrostis_curvula	1.0	0.0	0.0
'80'	1.6258618479174097e-06	0.9999968195228256	1.5546153265639762e-06
Hucho_hucho	0.0	1.0	0.0
'20'	7.917744519639815e-06	0.9999847362371787	7.346018301684254e-06
Myripristis_murdjan	0.0	1.0	0.0
'206'	0.0004078896736926751	0.9970010247153174	0.0025910856109898654
'225'	0.00401699921026119	0.9768452271824312	0.019137773607307635
Phascolarctos_cinereus	0.0	1.0	0.0
Vombatus_ursinus	0.0	0.0	1.0
'266'	0.5376905137736453	0.44979094273943326	0.012518543486921453
'332'	0.01056984836879744	0.9893956530618986	3.4498569304047644e-05
'373'	3.585119870024172e-05	0.9999559829487732	8.165852526474243e-06
'415'	0.0006578125825999375	0.9992966241028491	4.556331455100762e-05
'428'	0.9414198291628032	0.05254135587877042	0.006038814958426358
Chrysochloris_asiatica	1.0	0.0	0.0
'448'	0.0531821064968001	0.31545422683356206	0.6313636666696378
Naja_naja	0.0	0.0	1.0
'510'	0.0005010623834681617	0.0012606571718927458	0.9982382804446391
'525'	0.0010659720205270574	0.13629596100781188	0.862638066971661
Gopherus_evgoodei	0.0	1.0	0.0
Chelonoidis_abingdonii	0.0	1.0	0.0
'576'	0.017223112156239916	0.006002852843413101	0.976774035000347
'670'	0.0014794287349992514	0.0005985867000758613	0.9979219845649249
'647'	0.013726934307094811	0.011930787074690795	0.9743422786182143
Thrips_palmi	0.0	0.0	1.0
'840'	0.9999021878562119	7.958619244265072e-05	1.8225951345539224e-05
Dorcoceras_hygrometricum	1.0	0.0	0.0
Cuscuta_campestris	1.0	0.0	0.0
'819'	0.9996057186852071	0.00010519711464272141	0.00028908420015023
Arabis_nemorensis	1.0	0.0	0.0
'847'	0.9999479484125965	1.387988083757374e-05	3.8171706565915826e-05
Gossypium_raimondii	1.0	0.0	0.0
'859'	0.9999359837676565	1.7070223379424408e-05	4.694600896407116e-05
Eucalyptus_grandis	1.0	0.0	0.0
Rhodamnia_argentea	0.0	0.0	1.0
Salix_viminalis	1.0	0.0	0.0
Rhizophora_mucronata	1.0	0.0	0.0
'875'	0.9977324215501217	0.00017458933598991284	0.0020929891138884694
Cannabis_sativa	1.0	0.0	0.0
'886'	0.9952151214995171	0.004251585411626948	0.0005332930888559611
'885'	0.9994924716926625	0.00037884158952629143	0.00012868671781109874
Oryza_nivara	1.0	0.0	0.0
Oryza_meridionalis	1.0	0.0	0.0
'82'	6.343957388125656e-07	0.9999987590121664	6.065920948336733e-07
Salmo_salar	0.0	1.0	0.0
'150'	8.44706818103822e-07	0.9999990793823851	7.591079680429738e-08
Hippocampus_comes	0.0	1.0	0.0
Electrophorus_electricus	0.0	1.0	0.0
'207'	0.0008989408611820984	0.9925513152754369	0.006549743863381029
Triplophysa_tibetana	0.0	0.0	1.0
'204'	6.769683818801765e-05	0.9997732710820681	0.00015903207974381453
Erinaceus_europaeus	1.0	0.0	0.0
Galemys_pyrenaicus	1.0	0.0	0.0
'323'	8.987163308959406e-05	0.9999085540199577	1.5743469526773148e-06
'333'	0.1908070896555262	0.8071619630416804	0.0020309473027934357
Oryctolagus_cuniculus	0.0	1.0	0.0
'370'	2.2727519079831793e-06	0.9999974914406627	2.358074292976974e-07
'419'	7.561929495958681e-05	0.9999193377250515	5.042979988909314e-06
Tupaia_belangeri	1.0	0.0	0.0
Trichechus_manatus_latirostris	1.0	0.0	0.0
Loxodonta_africana	1.0	0.0	0.0
'439'	0.043996748743476685	0.3226049045009467	0.6333983467555766
Laticauda_laticaudata	1.0	0.0	0.0
Podargus_strigoides	0.0	0.0	1.0
'505'	0.0005106356127056663	7.127642389094177e-05	0.9994180879634034
'504'	0.0010659720205270574	0.13629596100781188	0.862638066971661
'526'	0.007766264612460169	0.23197117859167607	0.7602625567958639
'588'	0.0005232938667580632	0.0001821075041406899	0.9992945986291012
'577'	0.006804168777459643	0.0023691484551441656	0.990826682767396
'603'	0.0054252426044887675	0.002152817308163892	0.9924219400873473
'653'	0.005452185927996124	0.0019298238785711243	0.9926179901934328
Bemisia_tabaci	0.0	0.0	1.0
'651'	0.014465724514322563	0.013206623127923582	0.9723276523577539
'835'	0.9997842633634673	9.282235512324498e-05	0.00012291428140946174
'820'	0.9991171133714618	0.0007514560034535946	0.0001314306250845265
Solanum_chacoense	1.0	0.0	0.0
Nicotiana_tabacum	1.0	0.0	0.0
Raphanus_sativus	1.0	0.0	0.0
Capsella_rubella	1.0	0.0	0.0
Hibiscus_syriacus	1.0	0.0	0.0
'809'	0.9999659470469456	9.085015576854782e-06	2.4967937477457503e-05
Cucurbita_maxima	1.0	0.0	0.0
'868'	0.9683830564870467	0.0019568512729282754	0.02966009224002503
Lupinus_albus	1.0	0.0	0.0
Arachis_hypogaea	0.0	1.0	0.0
Glycine_soja	1.0	0.0	0.0
'889'	0.999754961273554	9.91910164364112e-05	0.00014584771000958525
Oncorhynchus_mykiss	0.0	1.0	0.0
'83'	4.838642039255802e-07	0.9999990534780808	4.6265771533533003e-07
'166'	8.44706818103822e-07	0.9999990793823851	7.591079680429738e-08
'151'	0.06311828904723428	0.9334881723879067	0.0033935385648589745
'19'	0.01238244325895956	0.08845527441148109	0.8991622823295593
'200'	0.0005023676667330498	0.9984866687376727	0.0010109635955942774
'205'	0.00010177608587534382	0.9997338022418989	0.00016442167222576135
'218'	4.9065050902158596e-06	0.999990165011146	4.9284837637329325e-06
'195'	2.7738917641505762e-05	0.9999641096625573	8.151419801183716e-06
'287'	0.000255423496970791	0.9997240760645878	2.050043844143202e-05
'321'	0.19528655655620655	0.8019033251653639	0.0028101182784295237
'334'	0.9839169525137625	0.0149543177396096	0.0011287297466278034
'339'	0.0008271519386741096	0.9990777664865882	9.508157473772427e-05
'11'	3.416500723814554e-06	0.9999963670547333	2.1644454290313558e-07
'368'	0.004490270634625284	0.9949661884276242	0.0005435409377506031
'420'	3.0155110777664103e-05	0.9999563298193256	1.3515069896834121e-05
Pseudonaja_textilis	0.0	0.0	1.0
Notechis_scutatus	0.0	1.0	0.0
'473'	0.005340883864903508	2.912274245282133e-05	0.9946299933926437
'506'	0.00037933242996119574	5.1055364473087505e-06	0.9996155620335915
Chauna_torquata	0.0	0.0	1.0
Anser_brachyrhynchus	0.0	1.0	0.0
'518'	0.004026749312667428	0.27233840686423383	0.7236348438230987
'527'	0.12685113896742872	0.06191315940577449	0.8112357016267967
Trachymyrmex_septentrionalis	0.0	0.0	1.0
Trachymyrmex_zeteki	0.0	0.0	1.0
Habropoda_laboriosa	0.0	0.0	1.0
'587'	0.0021675635680998774	0.0007543356597526981	0.9970781007721473
'604'	0.0054252426044887675	0.002152817308163892	0.9924219400873473
Oryctes_borbonicus	0.0	0.0	1.0
'659'	0.006226456006863467	0.002145715294664879	0.9916278286984717
'654'	0.0019778189783747784	0.0006883766102279841	0.9973338044113972
'652'	0.014899129236336009	0.013264677984243065	0.9718361927794209
'675'	0.07219863466427862	0.1939801520554826	0.7338212132802389
Genlisea_aurea	1.0	0.0	0.0
Handroanthus_impetiginosus	1.0	0.0	0.0
Striga_asiatica	1.0	0.0	0.0
'834'	0.9503687151947753	0.046198748929882565	0.0034325358753421816
Gossypium_anomalum	1.0	0.0	0.0
'810'	0.9999996226099607	1.0068849138111485e-07	2.7670154799602195e-07
Betula_platyphylla	1.0	0.0	0.0
Castanea_mollissima	0.0	0.0	1.0
Cicer_arietinum	1.0	0.0	0.0
Medicago_truncatula	1.0	0.0	0.0
Oncorhynchus_tshawytscha	0.0	1.0	0.0
Oncorhynchus_kisutch	0.0	1.0	0.0
'104'	2.08583418557959e-06	0.999995843051774	2.071114040379735e-06
'182'	1.4803164848154764e-06	0.999997104643685	1.415039830229387e-06
'152'	0.09224053079040859	0.9021447791410333	0.005614690068558047
Sphaeramia_orbicularis	1.0	0.0	0.0
Hemibagrus_wyckioides	0.0	0.0	1.0
Bagarius_yarrelli	0.0	0.0	1.0
Astyanax_mexicanus	0.0	1.0	0.0
Pygocentrus_nattereri	0.0	1.0	0.0
'213'	2.270072330836373e-05	0.9999541236261242	2.317565056735823e-05
'211'	0.0007431025340494059	0.9985088828945612	0.0007480145713894344
Sinocyclocheilus_rhinocerous	0.0	1.0	0.0
'220'	1.496028555069561e-06	0.9999970673446729	1.436626772153229e-06
'261'	0.0005812898162355859	0.9953732071873661	0.004045502996398286
'243'	6.916594336492689e-05	0.9998664903199469	6.434373668816063e-05
'18'	0.4460152426271255	0.5525079531997652	0.0014768041731094135
'313'	1.2779642040150877e-05	0.9999858119931854	1.4083647745442503e-06
Hipposideros_armiger	1.0	0.0	0.0
Rhinolophus_ferrumequinum	0.0	1.0	0.0
'286'	0.9996706143882769	0.00029159177066912683	3.779384105404767e-05
Pipistrellus_kuhlii	1.0	0.0	0.0
'341'	0.020037696227231776	0.9795758156902674	0.00038648808250088133
Sciurus_vulgaris	0.0	1.0	0.0
'359'	0.00010619693751555439	0.9998894717271004	4.331335383959208e-06
'285'	0.0027305308801597655	0.9945532462810874	0.0027162228387527516
Otolemur_garnettii	1.0	0.0	0.0
'376'	7.46306493877743e-06	0.9999903134186098	2.2235164514324e-06
'421'	1.3102889983206014e-05	0.9999745295928683	1.236751714846485e-05
Carlito_syrichta	0.0	1.0	0.0
'467'	0.006549700001927697	3.7057460376988025e-05	0.9934132425376953
'466'	0.023454162714394412	0.000895701371320316	0.9756501359142852
'472'	0.00037933242996119563	5.105536447308792e-06	0.9996155620335915
'409'	0.0009657751718797091	4.434705580290655e-05	0.9989898777723174
Coturnix_japonica	0.0	0.0	1.0
'519'	0.00015792372702597133	0.763986474308922	0.23585560196405214
Callipepla_squamata	1.0	0.0	0.0
Odontophorus_gujanensis	0.0	0.0	1.0
Melipona_quadrifasciata	0.0	0.0	1.0
Heterotrigona_itama	0.0	0.0	1.0
'564'	0.004566522505852826	0.0024235070204511274	0.9930099704736961
Agrilus_planipennis	0.0	0.0	1.0
'632'	0.008985900482895062	0.00307315389304045	0.9879409456240645
'660'	0.014985753127493746	0.005209880806527654	0.9798043660659786
'656'	0.0009126074783594318	0.0003176173874814626	0.9987697751341591
Papilio_machaon	0.0	0.0	1.0
Homalodisca_liturata	0.0	0.0	1.0
'668'	0.01155429650325936	0.004269267420351771	0.9841764360763888
Cimex_lectularius	0.0	1.0	0.0
Lygus_hesperus	0.0	0.0	1.0
Ocimum_basilicum	1.0	0.0	0.0
Salvia_splendens	0.0	1.0	0.0
Gossypium_barbadense	1.0	0.0	0.0
Gossypium_hirsutum	1.0	0.0	0.0
'71'	2.24644441775525e-06	0.9999955221010021	2.2314545801205215e-06
'106'	1.0227123920903318e-05	0.9999270793474457	6.269352863341974e-05
'116'	3.844423622435273e-06	0.9999913323637963	4.82321258119592e-06
'167'	9.242814676351342e-08	0.9999995499812138	3.5759063952740565e-07
Neogobius_melanostomus	0.0	1.0	0.0
Periophthalmus_magnuspinnatus	1.0	0.0	0.0
Carassius_auratus	0.0	1.0	0.0
Cyprinus_carpio_carpio	0.0	1.0	0.0
'212'	0.0009945639246433915	0.9938041947004181	0.005201241374938394
Culter_alburnus	1.0	0.0	0.0
Sinocyclocheilus_grahami	0.0	1.0	0.0
Sinocyclocheilus_anshuiensis	0.0	1.0	0.0
'263'	0.0007207246464557106	0.9699098224427828	0.02936945291076149
'273'	0.0048121596089165854	0.9848639507317459	0.010323889659337315
'259'	7.30906409193566e-06	0.9999857056359374	6.985299970785565e-06
Diceros_bicornis_minor	0.0	1.0	0.0
Vicugna_pacos	1.0	0.0	0.0
'194'	0.43828443200270745	0.5613472312463847	0.0003683367509077883
'315'	1.0990140633175102e-05	0.9999810372433912	7.972615975683308e-06
'314'	4.711549392396659e-05	0.9999082560070182	4.462849905789384e-05
Myotis_lucifugus	1.0	0.0	0.0
'320'	0.9999657085871071	2.3256879089709205e-05	1.1034533803279748e-05
Ictidomys_tridecemlineatus	0.0	1.0	0.0
Spermophilus_dauricus	1.0	0.0	0.0
'347'	0.002307167483106711	0.9974507060215296	0.00024212649536374954
'329'	0.004078457738289085	0.9953974692861705	0.000524072975540558
'358'	0.17932029010775916	0.6419040978448978	0.17877561204734307
'327'	5.130520749426951e-05	0.9998977430522398	5.0951740265994554e-05
'369'	7.172727144025638e-06	0.999990622008618	2.2052642379609555e-06
Prolemur_simus	0.0	1.0	0.0
'367'	9.341334757736609e-06	0.9999817279269663	8.930738276025149e-06
'422'	1.925324626334352e-06	0.9999961007489852	1.9739263884772356e-06
'451'	0.01312382455505192	0.0003776285093803099	0.9864985469355678
'411'	0.009445490347760726	0.0001911045185509809	0.9903634051336883
Syrrhaptes_paradoxus	1.0	0.0	0.0
Patagioenas_fasciata_monilis	0.0	0.0	1.0
'476'	0.004335409673052167	0.0002084466191276604	0.9954561437078202
Aquila_chrysaetos_chrysaetos	0.0	0.0	1.0
'465'	0.03998836348082147	0.0012610347563843708	0.9587506017627941
'410'	5.846288095493767e-06	2.321237347648128e-06	0.9999918324745569
'407'	0.0004733533053777967	0.7574939816636759	0.24203266503094623
'520'	0.00025122598780793446	0.8230664818423713	0.1766822921698208
'566'	0.002928833936819486	0.002690352481279961	0.9943808135819006
Asbolus_verrucosus	0.0	0.0	1.0
'640'	0.010006252815389175	0.0029860748939774563	0.9870076722906334
Phlebotomus_papatasi	0.0	0.0	1.0
Culex_pipiens	0.0	0.0	1.0
'648'	0.0028168273241414112	0.0009799392489597953	0.9962032334268989
Arctia_plantaginis	0.0	0.0	1.0
'658'	0.0010603094112184507	0.0003689899245779926	0.9985707006642036
Laodelphax_striatellus	0.0	0.0	1.0
Nilaparvata_lugens	0.0	0.0	1.0
'77'	3.332588544369744e-06	0.9999932367911808	3.4306202748706536e-06
Labrus_bergylta	0.0	1.0	0.0
'67'	0.002504132164937947	0.9617358306570915	0.03576003717797063
'32'	1.0203162706386415e-05	0.999927806741776	6.199009551766116e-05
'111'	7.067642384982027e-05	0.9997976636415332	0.00013165993461690688
'24'	5.422042586413447e-06	0.9999893822503297	5.195707083828597e-06
'170'	4.930636976043704e-07	0.999997370108643	2.136827659425679e-06
'175'	9.996464022697129e-06	0.9999508391953478	3.916434062952413e-05
Danionella_translucida	0.0	0.0	1.0
Danio_rerio	0.0	1.0	0.0
Felis_catus	0.0	0.0	1.0
'265'	1.0281222271156331e-06	0.999977442658785	2.1529218987872175e-05
'262'	0.0005017587313740283	0.006016505761319916	0.9934817355073061
'279'	0.007629495429106129	0.9845648156994502	0.007805688871443695
Equus_caballus	0.0	1.0	0.0
Equus_asinus	0.0	1.0	0.0
Camelus_dromedarius	0.0	1.0	0.0
Camelus_ferus	1.0	0.0	0.0
'301'	3.6119813948910006e-05	0.999948824680015	1.5055506036094105e-05
'288'	0.0015282818345270176	0.9969499249515219	0.0015217932139509837
Sus_scrofa	0.0	1.0	0.0
Catagonus_wagneri	0.0	1.0	0.0
Myotis_davidii	1.0	0.0	0.0
Myotis_myotis	1.0	0.0	0.0
'353'	0.0001574300871045275	0.9998156833900891	2.6886522806424268e-05
Jaculus_jaculus	1.0	0.0	0.0
Castor_canadensis	1.0	0.0	0.0
Dipodomys_ordii	0.0	1.0	0.0
Heterocephalus_glaber	0.0	0.0	1.0
Fukomys_damarensis	1.0	0.0	0.0
'328'	1.556638515357634e-05	0.999969129652227	1.5303962619521975e-05
Cavia_porcellus	0.0	1.0	0.0
Propithecus_coquereli	0.0	1.0	0.0
Microcebus_murinus	0.0	1.0	0.0
Aotus_nancymaae	0.0	1.0	0.0
Callithrix_jacchus	0.0	1.0	0.0
'380'	1.315205619723485e-06	0.9999977225022818	9.62292098438462e-07
'416'	1.7519685609311793e-06	0.9999817411406313	1.6506890807748337e-05
Pelecanus_crispus	0.0	0.0	1.0
Eurypyga_helias	1.0	0.0	0.0
Turnix_velox	1.0	0.0	0.0
Jacana_jacana	0.0	0.0	1.0
Dryobates_pubescens	0.0	0.0	1.0
Bubo_bubo	1.0	0.0	0.0
'471'	0.00012970073046115902	1.1728738096668017e-05	0.9998585705314421
Strigops_habroptila	1.0	0.0	0.0
'462'	4.647383502729889e-09	5.997468604429404e-07	0.999999395605756
Manacus_vitellinus	0.0	0.0	1.0
'408'	0.0006072390847141022	0.017992679539375514	0.9814000813759104
Meleagris_gallopavo	0.0	1.0	0.0
Pavo_cristatus	0.0	1.0	0.0
Gallus_gallus	0.0	1.0	0.0
'573'	0.004121733387997058	0.006416715904938127	0.9894615507070649
'572'	0.007743434648805303	0.0028639107981569874	0.9893926545530378
'644'	0.006257090115478448	0.0004449652493060064	0.9932979446352155
Ceratitis_capitata	0.0	0.0	1.0
Anopheles_dirus	0.0	0.0	1.0
Anopheles_quadriannulatus	0.0	0.0	1.0
Operophtera_brumata	0.0	0.0	1.0
Manduca_sexta	0.0	0.0	1.0
'97'	6.740758363355856e-05	0.9998518068030626	8.078561330392341e-05
Dicentrarchus_labrax	0.0	1.0	0.0
Etheostoma_spectabile	0.0	0.0	1.0
Sander_lucioperca	0.0	1.0	0.0
'46'	0.00012631957220248392	0.9988833990519114	0.0009902813758861843
Cottoperca_gobio	0.0	1.0	0.0
'31'	0.0010982596816549498	0.9987110476524836	0.00019069266586138007
'30'	0.0011515899725063575	0.9919551174147613	0.006893292612732535
'28'	6.486347381455736e-06	0.9999873053619699	6.208290648602954e-06
Seriola_dumerili	0.0	1.0	0.0
'136'	0.0019114888816702735	0.984677555291036	0.013410955827293798
'153'	1.2085121627413743e-06	0.9999922345028893	6.556984947861845e-06
'169'	0.0001166304247294167	0.9997639833683553	0.00011938620691525103
'176'	0.0013399982297072211	0.978469587969736	0.020190413800556795
Panthera_leo	0.0	1.0	0.0
Panthera_pardus	0.0	1.0	0.0
Nyctereutes_procyonoides	0.0	0.0	1.0
Vulpes_vulpes	0.0	0.0	1.0
'275'	0.007629495429106128	0.9845648156994502	0.007805688871443694
'281'	8.916630999000359e-05	0.9998205717387983	9.026195121161267e-05
'293'	1.27410505719845e-05	0.999955930672241	3.1328277187106976e-05
'302'	0.0189004234603155	0.9807170729449988	0.0003825035946857815
'290'	3.870016948141852e-06	0.9999924693210119	3.660662039875912e-06
'289'	0.3729871572949576	0.25436751778887756	0.37264532491616487
'355'	6.434864128336611e-06	0.9999905025476026	3.062588269170876e-06
Nannospalax_galili	0.0	1.0	0.0
Octodon_degus	0.0	1.0	0.0
Chinchilla_lanigera	0.0	1.0	0.0
Nomascus_leucogenys	0.0	1.0	0.0
'388'	1.0443173591668829e-05	0.9999887332167962	8.236096121797786e-07
'397'	1.677939664222482e-05	0.9993474965216496	0.0006357240817081282
'393'	9.098197482660574e-08	0.9999998187393645	9.027866059770562e-08
Amazona_collaria	0.0	0.0	1.0
Amazona_aestiva	0.0	0.0	1.0
'489'	3.3858685685462585e-07	4.427838381056082e-06	0.9999952335747622
'496'	7.694852258062967e-09	5.124304337786017e-06	0.9999948680008099
Phasianus_colchicus	0.0	0.0	1.0
Chrysolophus_pictus	0.0	0.0	1.0
Anoplophora_glabripennis	0.0	0.0	1.0
'574'	0.007110346352167292	0.016052445883961985	0.9768372077638707
Dendroctonus_ponderosae	0.0	0.0	1.0
Sitophilus_oryzae	0.0	0.0	1.0
'633'	0.018616206721889978	0.0006827883113778937	0.9807010049667321
