node	ALT	BOTH	CAN
root	0.0222703088802402	0.34591065368208984	0.63181903743767
'820'	0.022270291801817076	0.3459106547635848	0.6318190534345981
Rhodamnia_argentea	0.0	0.0	1.0
Sphaeroforma_arctica_jp610	0.0	0.0	1.0
'834'	0.022270153883359588	0.34591069071484415	0.6318191554017962
'821'	0.022268504333362495	0.3459117477852487	0.6318197478813887
'835'	0.022270216708075826	0.34590932249172496	0.6318204608001993
'14'	0.022265558363176056	0.3458371256796739	0.6318973159571502
'822'	0.022266445031074167	0.3459141750252859	0.6318193799436399
Monosiga_ovata	0.0	0.0	1.0
Monosiga_brevicollis	0.0	0.0	1.0
Amphimedon_queenslandica	0.0	0.0	1.0
Ephydatia_fluviatilis	0.0	0.0	1.0
'814'	0.02226591785977715	0.3459158398716929	0.63181824226853
'826'	0.022266482920282875	0.3458552844538483	0.631878232625869
'701'	0.022264130290198313	0.3460933211769694	0.6316425485328324
'815'	0.02226539277330019	0.345888972677398	0.631845634549302
'827'	0.022266482920282875	0.3458552844538483	0.631878232625869
Paramuricea_clavata	0.0	0.0	1.0
'37'	0.022260020488603278	0.34577246183816995	0.6319675176732268
'693'	0.02225885080385757	0.3463821482177367	0.6313590009784057
'759'	0.022264266853941544	0.34584391672487763	0.6318918164211808
'804'	0.02226556367163797	0.34585890371290473	0.6318755326154574
'823'	0.022266368791367997	0.3458516646396898	0.6318819665689422
'828'	0.022255873196952918	0.345686843970953	0.6320572828320941
'25'	0.022236964911586957	0.34539754915759385	0.6323654859308192
Patiria_miniata	0.0	0.0	1.0
Branchiostoma_belcheri	0.0	0.0	1.0
'697'	0.02225885080385757	0.3463821482177367	0.6313590009784057
'760'	0.022254141603113335	0.3456675118178248	0.6320783465790619
Hypsibius_exemplaris	0.0	0.0	1.0
Didymodactylos_carnosus	0.0	0.0	1.0
'784'	0.022264999495996942	0.345845075573495	0.6318899249305081
Stylophora_pistillata	0.0	0.0	1.0
Actinia_tenebrosa	0.0	0.0	1.0
Clytia_hemisphaerica	0.0	0.0	1.0
Hydra_vulgaris	0.0	0.0	1.0
'13'	0.011171164125001836	0.1735146471201597	0.8153141887548384
Stichopus_japonicus	0.0	0.0	1.0
'694'	0.02225370385234528	0.3466801806149994	0.6310661155326555
Ciona_savignyi	0.0	0.0	1.0
'684'	0.022250061786938957	0.3456023132054099	0.6321476250076512
'680'	0.021376189706643525	0.3320228731188354	0.6466009371745212
Lingula_unguis	0.0	0.0	1.0
'796'	0.02226393390180979	0.34582382959841046	0.6319122364997798
Strongylocentrotus_purpuratus	0.0	0.0	1.0
Heliocidaris_crassispina	0.0	0.0	1.0
'631'	0.02218357193575446	0.35070313418236626	0.6271132938818793
'681'	0.022253754151993255	0.34623412730587055	0.6315121185421363
'748'	0.022247614755029527	0.3455633902286696	0.6321889950163009
'752'	0.022206094168498367	0.34491346942314804	0.6328804364083536
Trichinella_spiralis	0.0	0.0	1.0
Trichuris_suis	0.0	0.0	1.0
'780'	0.022262782819067926	0.34580109434189477	0.6319361228390372
'797'	0.022202131080453828	0.34485201757663736	0.6329458513429089
'36'	0.022649093101107978	0.34799085913333333	0.6293600477655588
'647'	0.021850724374944525	0.3546527406099001	0.6234965350151553
Eptatretus_burgeri	0.0	1.0	0.0
'630'	0.015516285186761949	0.3926423864741885	0.5918413283390496
'691'	0.02225004406989385	0.34559914418769905	0.6321508117424072
'686'	0.022235131978651127	0.3453665477022491	0.6323983203190998
Anisakis_simplex	0.0	0.0	1.0
'753'	0.020853453645284892	0.3239035422455588	0.6552430041091564
'758'	0.022262488326122164	0.3457903232874561	0.6319471883864217
'771'	0.02225938691530344	0.3457446454704108	0.6319959676142857
'790'	0.022202131080453828	0.34485201757663736	0.6329458513429089
'785'	0.021131403471967517	0.3282207621750525	0.65064783435298
Torpedo_marmorata	1.0	0.0	0.0
Callorhinchus_milii	0.0	1.0	0.0
'223'	0.021761677227167316	0.3565270031696692	0.6217113196031635
'651'	0.021785778631545474	0.35481001139861423	0.6234042099698403
Petromyzon_marinus	0.0	1.0	0.0
Lethenteron_camtschaticum	0.0	0.0	1.0
'706'	0.022250646175100298	0.3456077991258637	0.632141554699036
'705'	0.01952347305038569	0.303245788624436	0.6772307383251783
'730'	0.0222340134604405	0.3453490733870554	0.6324169131525041
Argulus_foliaceus	0.0	0.0	1.0
'685'	0.005389066024634133	0.0837049617644168	0.910905972210949
Caenorhabditis_elegans	0.0	0.0	1.0
Owenia_fusiformis	0.0	0.0	1.0
Capitella_teleta	0.0	0.0	1.0
Octopus_vulgaris	0.0	0.0	1.0
'777'	0.022258413959514903	0.34572904882203065	0.6320125372184545
'770'	0.022202131080453828	0.34485201757663736	0.6329458513429089
'791'	0.0023918824690076154	0.0371516009717513	0.9604565165592411
'786'	0.0014864028680937056	0.02308735773949921	0.9754262393924071
Schistosoma_japonicum	0.0	0.0	1.0
'234'	0.02134490219959456	0.36477361219393906	0.6138814856064664
'233'	0.005189862829088232	0.847569675508806	0.1472404616621058
'675'	0.02100640794241006	0.3630047116571926	0.6159888804003973
Latimeria_chalumnae	0.0	1.0	0.0
'707'	0.022214813652863555	0.34504907280810193	0.6327361135390346
Aceria_tosichella	0.0	0.0	1.0
Argiope_bruennichi	0.0	0.0	1.0
Nephila_pilipes	0.0	0.0	1.0
'742'	0.02222965072332848	0.3452809188490149	0.6324894304276566
'740'	0.022241549111562686	0.3454655310883879	0.6322929198000494
Meloidogyne_hapla	0.0	0.0	1.0
'747'	7.821306992745902e-05	0.001214834257593311	0.9987069526724792
'679'	0.022234475245313214	0.3453545113874588	0.632411013367228
'772'	0.021944086147698782	0.3408436885468359	0.6372122253054654
Protopolystoma_xenopodis	0.0	0.0	1.0
Macrostomum_lignano	0.0	0.0	1.0
'787'	6.135287880759141e-06	9.52955548765726e-05	0.9998985691572426
Taenia_asiatica	0.0	0.0	1.0
Fasciola_hepatica	0.0	0.0	1.0
Fasciola_gigantica	0.0	0.0	1.0
'224'	0.020815315492709194	0.37504091887745117	0.6041437656298396
Acipenser_ruthenus	0.0	1.0	0.0
Polypterus_senegalus	0.0	1.0	0.0
Erpetoichthys_calabaricus	0.0	1.0	0.0
'247'	0.021245961811637806	0.3617238017647179	0.6170302364236443
'652'	0.020335111129716272	0.36896817536374826	0.6106967135065354
'708'	0.0217651737986206	0.3380647425718589	0.6401700836295205
Varroa_destructor	0.0	0.0	1.0
'743'	0.022194624536583957	0.3447358703097321	0.633069505153684
Daphnia_magna	0.0	0.0	1.0
Lepeophtheirus_salmonis	0.0	0.0	1.0
Hyalella_azteca	0.0	0.0	1.0
Meloidogyne_javanica	0.0	0.0	1.0
Meloidogyne_incognita	0.0	0.0	1.0
'757'	0.022234109297637174	0.34534881775831644	0.6324170729440464
Mytilus_coruscus	0.0	0.0	1.0
Lottia_gigantea	0.0	0.0	1.0
'774'	0.02136626321048032	0.33186869537940666	0.646765041410113
Echinococcus_granulosus	0.0	0.0	1.0
Echinococcus_multilocularis	0.0	0.0	1.0
'35'	0.0132301832439292	0.40872286177749184	0.5780469549785789
'228'	0.018455865619538693	0.42455725675549527	0.556986877624966
'203'	0.01779889829452188	0.3771140218035401	0.6050870799019381
'196'	0.019163273985568028	0.4176244709980353	0.5632122550163968
'435'	0.014099472244796511	0.5749112569877015	0.410989270767502
'668'	0.019514970174120284	0.3595138483502645	0.6209711814756153
'709'	0.02005875214887303	0.3115599440773113	0.6683813037738157
Ornithodoros_erraticus	0.0	0.0	1.0
'717'	0.021648735067151394	0.33625615200868925	0.6420951129241594
'731'	0.02208734685850379	0.34306908611011355	0.6348435670313827
'765'	0.01748629466284668	0.2716035811305452	0.710910124206608
Mizuhopecten_yessoensis	0.0	0.0	1.0
'629'	0.02109949125241455	0.3277250897254025	0.651175419022183
Elysia_chlorotica	0.0	0.0	1.0
Lepisosteus_oculatus	0.0	1.0	0.0
Atractosteus_spatula	0.0	0.0	1.0
'225'	0.017548960599289263	0.4455356494541602	0.5369153899465506
'229'	0.019805602101081482	0.37309502780070153	0.607099370098217
Microcaecilia_unicolor	0.0	0.0	1.0
Geotrypetes_seraphini	0.0	1.0	0.0
'240'	0.019150176384961796	0.4140162390958143	0.566833584519224
'198'	0.013053096732455971	0.6143869400295848	0.37255996323795926
'414'	0.011238335682236833	0.6554448845994476	0.3333167797183156
Ornithorhynchus_anatinus	0.0	1.0	0.0
'451'	0.019671553859166403	0.3573382308887536	0.62299021525208
'669'	0.01922109455162638	0.35558265998003413	0.6251962454683396
Ixodes_ricinus	0.0	0.0	1.0
'692'	0.013130253087577343	0.20394393568488617	0.7829258112275365
Folsomia_candida	0.0	0.0	1.0
Orchesella_cincta	0.0	0.0	1.0
'732'	0.021924119426476256	0.34053363960418337	0.6375422409693404
Cloeon_dipterum	0.0	0.0	1.0
Crassostrea_gigas	0.0	0.0	1.0
Crassostrea_virginica	0.0	0.0	1.0
Candidula_unifasciata	0.0	0.0	1.0
Biomphalaria_glabrata	0.0	0.0	1.0
'220'	0.015631686253743622	0.49207065965262403	0.49229765409363246
'204'	0.01866438785817196	0.40865046809058303	0.5726851440512452
Paramormyrops_kingsleyae	0.0	0.0	1.0
Scleropages_formosus	0.0	1.0	0.0
Leptobrachium_leishanense	0.0	1.0	0.0
'199'	0.014448860324037997	0.40768248739058816	0.5778686522853738
Hymenochirus_boettgeri	0.0	1.0	0.0
'238'	0.006849117048397592	0.7984118403764682	0.19473904257513414
'255'	0.005166839038352849	0.8121965627078139	0.1826365982538333
'428'	0.0008956916780389209	0.9460074385904129	0.05309686973154811
'459'	0.016276076213968673	0.3426895160462009	0.6410344077398303
Sphenodon_punctatus	0.0	1.0	0.0
'660'	0.019207518383329694	0.3513086906680326	0.6294837909486378
'670'	0.018753514154783414	0.35655934459974303	0.6246871412454735
'700'	0.005952734871902074	0.09246007425661182	0.9015871908714862
Amblyomma_aureolatum	0.0	0.0	1.0
'724'	0.021890730957026885	0.3400150020696556	0.6380942669733175
'733'	0.02192236500496375	0.3405063458765448	0.6375712891184915
'177'	0.015408129298722937	0.5305550872259419	0.4540367834753352
'205'	0.015525474131790338	0.46921131193056287	0.5152632139376467
Megalops_atlanticus	0.0	0.0	1.0
'218'	0.018649202191406002	0.41369999317824174	0.5676508046303522
Ranitomeya_imitator	0.0	0.0	1.0
Eleutherodactylus_coqui	0.0	1.0	0.0
Xenopus_laevis	0.0	1.0	0.0
Xenopus_tropicalis	0.0	1.0	0.0
'245'	0.002997149232345538	0.8568647642655693	0.14013808650208506
Monodelphis_domestica	0.0	1.0	0.0
'420'	0.00012175623240104518	0.991270137083213	0.008608106684386052
'429'	0.0012351695623640969	0.9232404833318548	0.075524347105781
'453'	0.016045856463857876	0.3487456845736512	0.6352084589624909
'452'	0.016650384663367167	0.327650401340941	0.655699213995692
'411'	0.013067368844751572	0.6133419529458999	0.37359067820934855
'648'	0.0050921496814599655	0.12025910183957984	0.8746487484789602
Pelusios_castaneus	0.0	0.0	1.0
'653'	0.017788617056271383	0.36948748079389565	0.6127239021498331
Rhipicephalus_sanguineus	0.0	0.0	1.0
Rhipicephalus_pulchellus	0.0	0.0	1.0
Trachymyrmex_zeteki	0.0	0.0	1.0
'725'	0.021865650036839154	0.33962541841562865	0.6385089315475322
'734'	0.021787538027497624	0.3384121128670953	0.6398003491054071
Thrips_palmi	0.0	0.0	1.0
'50'	0.013337247564714603	0.6061679323869447	0.38049482004834073
'168'	0.011644010100109391	0.7498208056630794	0.23853518423681122
'212'	0.013834675847776466	0.40164999581364924	0.5845153283385742
'211'	0.017477050315930446	0.46154958832468573	0.5209733613593839
Anguilla_anguilla	0.0	1.0	0.0
Albula_glossodonta	0.0	1.0	0.0
Sarcophilus_harrisii	0.0	1.0	0.0
'251'	0.002677334664513353	0.846851290205169	0.15047137513031758
'286'	0.0001346112201369707	0.9909141018665435	0.008951286913319485
'421'	5.356838670310328e-05	0.9966431803984591	0.003303251214837822
'415'	0.003826505249224925	0.7561389653544113	0.24003452939636388
'430'	0.005139602647225385	0.7377709259504356	0.25708947140233906
'438'	0.006587888482603154	0.6658140461449623	0.32759806537243447
'455'	0.016050112861225097	0.3480438808604693	0.6359060062783055
Salvator_merianae	0.0	0.0	1.0
Podarcis_muralis	0.0	0.0	1.0
Crocodylus_porosus	0.0	1.0	0.0
Alligator_mississippiensis	0.0	1.0	0.0
'473'	0.004978210366901418	0.1895516254281123	0.8054701642049863
'632'	0.0016934676711366134	0.05671236018229295	0.9415941721465704
Pelodiscus_sinensis	0.0	1.0	0.0
'654'	0.012145676227346323	0.3567222939164922	0.6311320298561616
'689'	0.019738558899945993	0.3065865839618681	0.6736748571381859
'688'	0.015503195459989889	0.24080135220203128	0.7436954523379788
'723'	0.008463733656635008	0.13146183384616386	0.8600744324972012
'687'	0.021789458475145622	0.338441938973975	0.6397686025508794
Esox_lucius	0.0	1.0	0.0
'51'	0.0011882883165380148	0.9650611682538053	0.03375054342965669
'169'	0.009798015770006252	0.8606902111364069	0.1295117730935869
Gadus_morhua	0.0	0.0	1.0
'213'	0.010944088773952419	0.39366451103013095	0.5953914001959166
Chanos_chanos	0.0	0.0	1.0
Clupea_harengus	0.0	1.0	0.0
Denticeps_clupeoides	0.0	1.0	0.0
Onychogalea_fraenata	0.0	0.0	1.0
'246'	0.0014480271730621269	0.936986419184848	0.06156555364208991
'254'	0.0025471210282485873	0.8815681496532919	0.11588472931845949
'320'	6.255034713140812e-05	0.9941754316295791	0.005762018023289438
'327'	0.00014339031916973125	0.99451126273351	0.005345346947320218
'422'	0.00014017592230556746	0.9931009062283658	0.006758917849328643
'419'	0.006024090670510751	0.444728717872418	0.5492471914570712
Chrysochloris_asiatica	0.0	1.0	0.0
Dasypus_novemcinctus	0.0	1.0	0.0
Choloepus_hoffmanni	0.0	0.0	1.0
'439'	0.007416860781093911	0.9598205782540509	0.03276256096485526
'448'	0.00564951742435574	0.5031357669579422	0.49121471561770214
Varanus_komodoensis	0.0	0.0	1.0
'412'	0.016314192767588023	0.3540307550377673	0.6296550521946448
Tinamus_guttatus	0.0	1.0	0.0
'466'	0.004906981185519541	0.18289625411766602	0.8121967646968145
'566'	0.0009804538156012704	0.029594841146995635	0.9694247050374032
'640'	0.002498032072973645	0.08689564583945639	0.91060632208757
'658'	0.00919736496427914	0.49371294911816316	0.4970896859175578
'656'	0.012176641466309208	0.3497530796055738	0.6380702789281171
'716'	0.018763080897939034	0.2914350967950229	0.6898018223070381
'690'	0.010715659153575006	0.16643957155698758	0.8228447692894374
Trichoplusia_ni	0.0	0.0	1.0
Pararge_aegeria_aegeria	0.0	0.0	1.0
Schizaphis_graminum	0.0	0.0	1.0
Aphis_craccivora	0.0	0.0	1.0
Cuerna_arida	0.0	0.0	1.0
Panstrongylus_megistus	0.0	0.0	1.0
'33'	7.446893092933089e-05	0.9978114029415701	0.0021141281275005226
Hucho_hucho	0.0	1.0	0.0
'170'	0.008696476430845108	0.9497841364545831	0.041519387114571635
Myripristis_murdjan	0.0	1.0	0.0
'151'	0.009538581290740337	0.4441992514320491	0.5462621672772104
'206'	0.009281606743348124	0.25167471217698123	0.7390436810796707
Phascolarctos_cinereus	0.0	1.0	0.0
Vombatus_ursinus	0.0	1.0	0.0
Erinaceus_europaeus	0.0	1.0	0.0
Galemys_pyrenaicus	0.0	0.0	1.0
'288'	6.278527175831498e-05	0.9936859733127295	0.006251241415512285
'321'	0.0005660250902610234	0.9502410067174262	0.04919296819231276
Oryctolagus_cuniculus	0.0	1.0	0.0
'328'	4.917069702942451e-05	0.9966579705573084	0.0032928587456620287
'416'	0.00013107650885183628	0.9955737200208893	0.004295203470258869
Tupaia_belangeri	0.0	0.0	1.0
Procavia_capensis	0.0	0.0	1.0
Loxodonta_africana	0.0	0.0	1.0
'442'	0.014734284309426558	0.9688800095759698	0.016385706114603785
'440'	0.005096322791480257	0.9707243878044579	0.02417928940406182
Pantherophis_guttatus	0.0	0.0	1.0
Boiga_irregularis	0.0	0.0	1.0
Anolis_carolinensis	0.0	1.0	0.0
Pogona_vitticeps	0.0	0.0	1.0
'467'	0.0005618422913822379	0.011327427209760545	0.9881107304988573
Dromaius_novaehollandiae	0.0	0.0	1.0
'572'	6.64413506978478e-05	0.0036786709315612086	0.996254887717741
Ceuthmochares_aereus	0.0	0.0	1.0
'603'	0.003131933512099326	0.0981136818356295	0.8987543846522712
'644'	0.006370414256369804	0.2018877372694445	0.7917418484741857
Terrapene_carolina_triunguis	0.0	0.0	1.0
'659'	0.005728289922116963	0.755580516530749	0.23869119354713414
Chelonia_mydas	0.0	0.0	1.0
Chelydra_serpentina	0.0	0.0	1.0
Diabrotica_virgifera_virgifera	0.0	0.0	1.0
Callosobruchus_maculatus	0.0	0.0	1.0
Rhynchophorus_ferrugineus	0.0	0.0	1.0
Sitophilus_oryzae	0.0	0.0	1.0
'43'	2.2004682216513978e-05	0.9993534738114591	0.0006245215063243417
Salmo_salar	0.0	1.0	0.0
'153'	0.001771587999131914	0.9860608704089598	0.012167541591908226
Hippocampus_comes	1.0	0.0	0.0
Electrophorus_electricus	0.0	1.0	0.0
'152'	0.009048187035077041	0.44561334085718823	0.5453384721077347
Triplophysa_tibetana	0.0	0.0	1.0
'207'	0.0017038576753065917	0.15523099276760094	0.8430651495570924
'261'	0.00017257719370237037	0.9864786992447101	0.013348723561587564
'289'	0.00013474057189093592	0.9908986603919906	0.008966599036118548
'315'	0.000776821708402271	0.9499744820728605	0.04924869621873718
'323'	0.0012029056390445681	0.8298644434854324	0.16893265087552306
'333'	0.0011586444951247605	0.9303210984645173	0.06852025704035784
'358'	4.781185318266622e-05	0.9966456967255359	0.0033064914212814277
'370'	0.0004744156480706843	0.9858536599386456	0.013671924413283677
'393'	0.00028568223096890486	0.991208923762236	0.008505394006795102
'413'	0.029203258144267167	0.9526125391023482	0.0181842027533846
Laticauda_laticaudata	0.0	1.0	0.0
Ophiophagus_hannah	0.0	1.0	0.0
Naja_naja	0.0	1.0	0.0
Apteryx_owenii	0.0	0.0	1.0
Apteryx_mantelli_mantelli	0.0	0.0	1.0
'471'	0.00021800373792034287	0.008340454062608275	0.9914415421994714
'573'	1.2211468185809654e-05	0.001103100697736074	0.998884687834078
Anseranas_semipalmata	0.0	0.0	1.0
'604'	0.0020200749865034798	0.1389752879268936	0.8590046370866029
'641'	0.006370414256369804	0.2018877372694445	0.7917418484741857
Alectura_lathami	0.0	0.0	1.0
Gopherus_agassizii	0.0	1.0	0.0
Chelonoidis_abingdonii	0.0	1.0	0.0
Oncorhynchus_mykiss	0.0	1.0	0.0
'34'	7.701145991807415e-06	0.9997738052765067	0.0002184935775015364
'154'	0.001771587999131914	0.9860608704089598	0.012167541591908226
'161'	0.002802273351490933	0.9411499657971998	0.05604776085130928
'182'	0.0032652420825909525	0.16855421939601042	0.8281805385213986
'166'	0.008510430055677393	0.6665194445375181	0.3249701254068044
'187'	0.0010231994629649782	0.10305429758884418	0.8959225029481908
'200'	0.0009195563191615044	0.737713056003427	0.26136738767741147
'279'	0.0011089276847838661	0.838594536877717	0.16029653543749914
'273'	0.00014750320783023184	0.9956100695104947	0.004242427281675027
'243'	0.0016564994156267818	0.39261145086016613	0.605732049724207
'290'	8.897810764858463e-05	0.9945556410764683	0.005355380815883128
Rhinolophus_ferrumequinum	0.0	1.0	0.0
Pteropus_vampyrus	0.0	1.0	0.0
Phyllostomus_discolor	0.0	0.0	1.0
'287'	0.0013026026042569723	0.8114065716095986	0.18729082578614453
'334'	0.0006859401572582886	0.8027505985069519	0.19656346133578984
Sciurus_vulgaris	0.0	1.0	0.0
'355'	9.916884308347689e-05	0.993550295028727	0.006350536128189573
'359'	0.00020884204140964317	0.9863625288791817	0.01342862907940867
Otolemur_garnettii	0.0	1.0	0.0
'11'	0.00018873072910736003	0.9944416965636914	0.005369572707201192
'397'	0.00023511304686932936	0.9930337478173714	0.006731139135759121
Carlito_syrichta	0.0	1.0	0.0
Pseudonaja_textilis	1.0	0.0	0.0
Notechis_scutatus	0.0	1.0	0.0
Corythaeola_cristata	0.0	0.0	1.0
'472'	0.0002910328665594225	0.010641002875801407	0.9890679642576392
'462'	1.6485480216779613e-05	0.0007836244427702368	0.999199890077013
'574'	1.7356310915265364e-05	0.002263327298641959	0.9977193163904428
'564'	0.0020450279802924584	0.14719666108621965	0.850758310933488
Cairina_moschata_domestica	0.0	0.0	1.0
'633'	0.024028672764169007	0.8798573335994987	0.0961139936363323
Penelope_pileata	0.0	0.0	1.0
Oncorhynchus_tshawytscha	0.0	1.0	0.0
Oncorhynchus_kisutch	0.0	1.0	0.0
'79'	0.000998389409244048	0.9798578920118393	0.019143718578916624
'156'	0.001114905907096693	0.9848467097527126	0.014038384340190736
'163'	0.0031039157194310395	0.9135615279522643	0.08333455632830465
Sphaeramia_orbicularis	0.0	1.0	0.0
'175'	0.0031938492407671062	0.16060784131177752	0.8361983094474554
'167'	0.0039404774520038046	0.21106907034766348	0.7849904522003327
Astyanax_mexicanus	0.0	1.0	0.0
Pygocentrus_nattereri	0.0	1.0	0.0
'20'	0.0011144494536132832	0.11005460015352783	0.8888309503928589
'191'	0.0010047323125461265	0.09619122719324633	0.9028040404942075
Sinocyclocheilus_rhinocerous	0.0	1.0	0.0
'19'	0.0007361488167131958	0.7248622702979234	0.2744015808853634
'266'	0.00012942335076308658	0.9645193847549726	0.035351191894264326
'281'	0.001157363012679707	0.6195178093162206	0.37932482767109965
Equus_caballus	0.0	1.0	0.0
Equus_asinus	0.0	1.0	0.0
Vicugna_pacos	0.0	0.0	1.0
'259'	0.000402562921716055	0.44566670051138546	0.5539307365668985
'292'	0.00012465145161184843	0.9944178938451509	0.005457454703237308
'291'	0.0006835333266643325	0.9793315195455845	0.01998494712775106
Molossus_molossus	0.0	0.0	1.0
'313'	0.0009021983840607973	0.8737366317105681	0.125361169905371
Ictidomys_tridecemlineatus	0.0	0.0	1.0
Urocitellus_parryii	0.0	1.0	0.0
'349'	0.0005004106347973243	0.9736616169512005	0.02583797241400223
'348'	0.0009162698612614282	0.952688284099834	0.04639544603890451
'353'	0.0008786523865516127	0.9247337920597684	0.07438755555367992
'329'	0.0001070359277673272	0.9947010682060117	0.005191895866220887
'285'	0.00018897078865111292	0.9944347534714617	0.005376275739887225
Prolemur_simus	0.0	1.0	0.0
'373'	0.00014851385331790147	0.9956350227698136	0.004216463376868468
'401'	4.34368003426998e-05	0.9986093226260387	0.001347240573618549
'476'	0.0022197091505674516	0.03701629964195556	0.9607639912074771
Antrostomus_carolinensis	0.0	1.0	0.0
'497'	1.6092193894873614e-05	0.0007814653754211321	0.9992024424306839
'496'	0.001389303120915125	0.02163222540547287	0.976978471473612
'519'	1.7356310915265364e-05	0.002263327298641959	0.9977193163904428
'575'	0.00020291949610090284	0.012309232716364766	0.9874878477875344
Anas_platyrhynchos	0.0	0.0	1.0
Anser_brachyrhynchus	0.0	1.0	0.0
'634'	0.026450087407820306	0.8918907486610698	0.08165916393110996
Callipepla_squamata	0.0	1.0	0.0
'47'	0.0008380329903786766	0.9792415722897974	0.019920394719823993
'80'	0.001927264686598936	0.799584344355317	0.19848839095808407
'66'	0.0008563713470755433	0.9637655272508816	0.03537810140204293
'157'	0.002265577747623837	0.9633122356624989	0.034422186589877245
Neogobius_melanostomus	0.0	1.0	0.0
Periophthalmus_magnuspinnatus	0.0	1.0	0.0
'176'	0.0032412449525203338	0.1561193144002234	0.8406394406472563
Silurus_meridionalis	0.0	0.0	1.0
Hemibagrus_wyckioides	0.0	0.0	1.0
Bagarius_yarrelli	0.0	1.0	0.0
'150'	0.000817459710678094	0.22560044407799595	0.7735820962113259
Cyprinus_carpio_carpio	0.0	0.0	1.0
'188'	0.001235484675584166	0.07612441998174369	0.9226400953426721
Anabarilius_grahami	0.0	0.0	1.0
Sinocyclocheilus_grahami	0.0	1.0	0.0
Sinocyclocheilus_anshuiensis	0.0	0.0	1.0
'244'	0.0001361540735789389	0.9603261514080187	0.03953769451840234
'267'	2.839883079020735e-06	0.9997342168854052	0.00026294323151582937
Vulpes_vulpes	0.0	0.0	1.0
'274'	0.0010096725647009374	0.582365167894691	0.41662515954060825
Camelus_dromedarius	0.0	1.0	0.0
Camelus_ferus	0.0	0.0	1.0
'294'	0.00014118425987620986	0.990701746981623	0.009157068758500654
'300'	3.9803404548615105e-05	0.9984637938409876	0.001496402754463776
Sus_scrofa	0.0	1.0	0.0
Catagonus_wagneri	0.0	1.0	0.0
'314'	0.0007164592747445341	0.7981965356717677	0.20108700505348773
Pipistrellus_kuhlii	0.0	1.0	0.0
'330'	0.0007447637817086356	0.9496601166041194	0.04959511961417201
Jaculus_jaculus	0.0	1.0	0.0
Castor_canadensis	0.0	0.0	1.0
Dipodomys_ordii	0.0	1.0	0.0
Heterocephalus_glaber	0.0	1.0	0.0
Fukomys_damarensis	0.0	0.0	1.0
'347'	0.00013593449596412444	0.9945183552190769	0.005345710284958894
Cavia_porcellus	0.0	1.0	0.0
Propithecus_coquereli	0.0	1.0	0.0
Microcebus_murinus	0.0	1.0	0.0
Aotus_nancymaae	0.0	1.0	0.0
Callithrix_jacchus	0.0	1.0	0.0
'384'	1.883777991415971e-05	0.9994399464344665	0.0005412157856193697
'402'	2.814312059599872e-05	0.9980192022561676	0.0019526546232364042
Hemiprocne_comata	0.0	0.0	1.0
Oreotrochilus_melanogaster	0.0	0.0	1.0
'482'	0.00034015788220770283	0.011071560998672335	0.98858828111912
'499'	2.4888470637675834e-05	0.000705880338278136	0.9992692311910841
Columba_livia	0.0	0.0	1.0
Patagioenas_fasciata_monilis	0.0	0.0	1.0
'407'	5.479850689015356e-05	0.002638132945365839	0.997307068547744
'520'	0.002017251702063815	0.07730613795976111	0.920676610338175
'576'	0.00024227571951137612	0.01485876265847549	0.9848989616220132
Chunga_burmeisteri	0.0	0.0	1.0
Coturnix_japonica	1.0	0.0	0.0
'635'	0.015575860793324292	0.9158824708293626	0.06854166837731307
'63'	0.0008376901282562022	0.9785088838745666	0.020653425997177215
Labrus_bergylta	0.0	1.0	0.0
'68'	0.0036434761434232608	0.6415945018998963	0.35476202195668044
'82'	0.0019282533995385737	0.799223732740065	0.19884801386039647
'98'	0.0012605640577255295	0.9319284947659395	0.06681094117633496
'67'	0.0014661981522801296	0.9110543367904518	0.08747946505726804
'115'	0.002406471085421115	0.9638286603319257	0.03376486858265321
'21'	0.002375904263017416	0.9447287612898722	0.05289533444711038
Ameiurus_melas	0.0	0.0	1.0
Clarias_magur	0.0	0.0	1.0
Carassius_langsdorfii	0.0	0.0	1.0
Carassius_auratus	0.0	1.0	0.0
Danionella_translucida	0.0	0.0	1.0
Danio_rerio	0.0	0.0	1.0
Lynx_pardinus	0.0	0.0	1.0
Felis_catus	0.0	1.0	0.0
Panthera_leo	0.0	1.0	0.0
Panthera_pardus	0.0	1.0	0.0
'263'	0.0010096725647009374	0.582365167894691	0.41662515954060825
'275'	0.0006667513546651606	0.8228380154981729	0.17649523314716198
'12'	0.00014075194293707252	0.9892655187776711	0.010593729279391964
Balaenoptera_musculus	0.0	1.0	0.0
'306'	9.705407484618162e-06	0.9992309528086343	0.0007593417838810273
Cervus_elaphus_hippelaphus	0.0	1.0	0.0
Myotis_brandtii	0.0	1.0	0.0
Myotis_lucifugus	0.0	0.0	1.0
'331'	8.130542666251206e-05	0.9965152473418949	0.003403447231442655
Nannospalax_galili	0.0	0.0	1.0
Octodon_degus	0.0	1.0	0.0
Chinchilla_lanigera	0.0	1.0	0.0
Nomascus_leucogenys	0.0	1.0	0.0
'367'	1.0234775391748522e-05	0.999698498671773	0.00029126655283533544
'394'	3.520085261430273e-05	0.9927192833170772	0.007245515830308472
'398'	1.351316657190722e-06	0.9999583457856425	4.030289770026112e-05
Eudyptula_novaehollandiae	0.0	0.0	1.0
'465'	0.0021301758285558773	0.0801255729987334	0.9177442511727107
'485'	2.4888470637675936e-05	0.0007058803382781389	0.9992692311910841
'463'	0.00041645660179601444	0.006758145026385908	0.9928253983718182
'408'	9.66112192277272e-05	0.0034921598793128806	0.9964112289014594
Otus_sunia	0.0	0.0	1.0
Buteo_japonicus	0.0	0.0	1.0
Sagittarius_serpentarius	0.0	1.0	0.0
'527'	0.0024939062562325865	0.4182778973984798	0.5792281963452877
'577'	0.0004777908450405978	0.00925192089970382	0.9902702882552555
'563'	0.00655605451329031	0.9595096097137784	0.033934335772931305
'9'	0.015298982796598588	0.9137839250066421	0.07091709219675946
'48'	0.0009855066647285037	0.9680956416548905	0.030918851680381033
Dicentrarchus_labrax	0.0	1.0	0.0
Etheostoma_spectabile	0.0	0.0	1.0
Sander_lucioperca	0.0	1.0	0.0
'72'	0.00346632917223606	0.5185375913024346	0.4779960795253294
'83'	0.002703268653892415	0.767716427702741	0.2295803036433667
'92'	0.002017526341875714	0.8925850595382461	0.10539741411987832
'78'	0.002600732703388821	0.8699837949858791	0.1274154723107321
'77'	0.0015494502480976854	0.9074230924460246	0.09102745730587768
'71'	0.003665522849329199	0.7531286063763757	0.24320587077429512
'31'	0.09458372251068956	0.6522014089694428	0.2532148685198676
'119'	0.0008419830899151065	0.9776922999494886	0.021465716960596324
'143'	0.002829233381109268	0.8888563146344163	0.10831445198447441
Parambassis_ranga	0.0	0.0	1.0
'265'	0.0018448841829802332	0.09794434318972557	0.9002107726272942
Neomonachus_schauinslandi	0.0	0.0	1.0
Ailuropoda_melanoleuca	0.0	1.0	0.0
'262'	0.0002770550771195492	0.7742053078040438	0.22551763711883666
Physeter_catodon	0.0	1.0	0.0
'18'	0.00027611531862418027	0.9209523226462079	0.07877156203516791
Moschus_moschiferus	0.0	1.0	0.0
'301'	9.705407484618162e-06	0.9992309528086343	0.0007593417838810273
'342'	1.302211972016515e-05	0.9995637773988153	0.00042320048146452584
'339'	3.4312988458193246e-05	0.998944184798162	0.0010215022133798785
'368'	2.5039030332419644e-06	0.9999264424964271	7.105360053959902e-05
Pongo_abelii	0.0	1.0	0.0
Chlorocebus_sabaeus	0.0	0.0	1.0
'366'	3.0040663772292936e-06	0.9995411639856608	0.0004558319479619682
Rhinopithecus_roxellana	0.0	1.0	0.0
Rhinopithecus_bieti	0.0	1.0	0.0
Atlantisia_rogersi	0.0	0.0	1.0
Grus_americana	0.0	1.0	0.0
'489'	0.0008558254652437493	0.01344821949462943	0.9856959550401269
'487'	0.0004434088357137048	0.007062809825674336	0.992493781338612
Charadrius_vociferus	0.0	0.0	1.0
Chionis_minor	0.0	0.0	1.0
'504'	0.00013415053565902685	0.0047112404422203075	0.9951546090221206
Urocolius_indicus	0.0	0.0	1.0
'518'	0.0025386301069818223	0.43902717660329477	0.5584341932897234
Strigops_habroptila	0.0	1.0	0.0
'587'	7.900331831852483e-05	0.0013632406883332794	0.9985577559933482
Malurus_cyaneus_samueli	0.0	0.0	1.0
Phasianus_colchicus	0.0	1.0	0.0
Meleagris_gallopavo	0.0	1.0	0.0
Pavo_cristatus	0.0	0.0	1.0
Gallus_gallus	0.0	1.0	0.0
'56'	0.0011049157182281973	0.961916666960821	0.036978417320950835
Larimichthys_crocea	0.0	1.0	0.0
'73'	0.0029058124400185023	0.5256814079784542	0.4714127795815274
Gasterosteus_aculeatus	0.0	0.0	1.0
'87'	0.0010751418251698163	0.32893325028290543	0.6699916078919248
Cottoperca_gobio	0.0	1.0	0.0
Channa_argus	0.0	0.0	1.0
'94'	0.0021197761848263104	0.8953500957494028	0.10253012806577091
Mastacembelus_armatus	0.0	1.0	0.0
Monopterus_albus	0.0	0.0	1.0
Lates_calcarifer	0.0	1.0	0.0
'97'	0.0035664252966276914	0.7673117891419077	0.22912178556146467
Seriola_dumerili	0.0	0.0	1.0
Echeneis_naucrates	0.0	1.0	0.0
Amphilophus_citrinellus	0.0	0.0	1.0
'103'	0.40484624229124877	0.48092079540796673	0.11423296230078443
Menidia_menidia	0.0	1.0	0.0
'133'	0.0008419830899151065	0.9776922999494886	0.021465716960596324
'23'	0.0045035266972197575	0.798705493911906	0.19679097939087417
'144'	0.003914551695519399	0.31334414651971865	0.682741301784762
Mustela_putorius_furo	0.0	0.0	1.0
Neogale_vison	0.004234637484657458	0.12695614186590903	0.8688092206494336
Ursus_americanus	0.0	0.0	1.0
Ursus_maritimus	0.0	1.0	0.0
'194'	0.00010472381878648041	0.9465276166557353	0.05336765952547827
Tursiops_truncatus	0.0	0.0	1.0
'293'	0.00016116253908172868	0.9068621020164109	0.09297673544450741
'302'	1.4731249912861237e-05	0.9995559285461654	0.0004293402039217459
Neotoma_lepida	0.0	1.0	0.0
'332'	1.5073690158058456e-05	0.9995261865690931	0.0004587397407488421
Rattus_norvegicus	0.0	1.0	0.0
'341'	6.137887114569195e-07	0.9999818807619144	1.750544937409977e-05
Gorilla_gorilla_gorilla	0.0	1.0	0.0
'376'	1.1393661681726121e-06	0.9999665351223848	3.2325511447086464e-05
'381'	1.250664892576751e-06	0.9999467177727979	5.2031562309530994e-05
'380'	5.882072167781385e-07	0.9999806075001809	1.8804292602252108e-05
'464'	0.0007122913595129305	0.01108591128120897	0.9882017973592782
Stercorarius_parasiticus	0.0	0.0	1.0
'488'	0.001460551027916039	0.022775582429360803	0.9757638665427231
'493'	0.0015398107022307395	0.02398570049505107	0.9744744888027181
'510'	0.00016929792920869832	0.00592801292576274	0.9939026891450286
Upupa_epops	0.0	0.0	1.0
Melopsittacus_undulatus	0.0	0.0	1.0
Amazona_aestiva	0.0	1.0	0.0
'588'	5.948402237832682e-05	0.001015812963623451	0.9989247030139983
Emberiza_fucata	0.0	0.0	1.0
Sparus_aurata	0.0	1.0	0.0
'60'	0.0018742959894905576	0.9228709138702959	0.07525479014021355
Cyclopterus_lumpus	0.0	1.0	0.0
Liparis_tanakae	0.0	0.0	1.0
'84'	0.0008173058868881682	0.2076854979993218	0.79149719611379
Dissostichus_mawsoni	0.0	1.0	0.0
Betta_splendens	0.0	1.0	0.0
Anabas_testudineus	0.0	1.0	0.0
Scophthalmus_maximus	0.0	1.0	0.0
Cynoglossus_semilaevis	0.0	0.0	1.0
'104'	0.8774072402160108	0.0444671122576105	0.07812564752637878
Oreochromis_niloticus	0.0	1.0	0.0
'111'	0.0010944570414359305	0.9690985123339455	0.029807030624618636
'139'	0.0008592881524931299	0.9412468008580246	0.05789391098948236
Salarias_fasciatus	0.0	0.0	1.0
Gouania_willdenowi	0.0	1.0	0.0
'146'	0.0023881978231510164	0.2439727881395217	0.7536390140373274
Stegastes_partitus	0.0	0.0	1.0
'195'	0.0001432018979889964	0.9081349206082476	0.0917218774937633
Phocoena_sinus	0.0	1.0	0.0
'297'	1.6957887725263908e-07	0.9999513011223625	4.852929876019682e-05
Bos_taurus	0.0	0.0	1.0
Capra_hircus	0.0	1.0	0.0
Ovis_aries	0.0	1.0	0.0
Microtus_ochrogaster	0.0	1.0	0.0
Mesocricetus_auratus	0.0	1.0	0.0
Mus_spicilegus	0.0	1.0	0.0
Mus_musculus	0.0	1.0	0.0
Homo_sapiens	0.0	1.0	0.0
'369'	3.903991622655749e-07	0.9999885337846364	1.107581620140926e-05
Papio_anubis	0.0	1.0	0.0
'383'	1.1100320266166623e-06	0.9999665918862239	3.229808174943094e-05
'388'	2.5010169616947214e-07	0.9999925356683402	7.214229963544486e-06
Macaca_nemestrina	0.0	1.0	0.0
'480'	0.0004689431286015847	0.007290096496198116	0.9922409603752003
Chroicocephalus_maculipennis	0.0	0.0	1.0
Thinocorus_orbignyianus	0.0	0.0	1.0
Nycticryphes_semicollaris	0.0	0.0	1.0
Calidris_pygmaea	0.0	0.0	1.0
Limosa_lapponica_baueri	0.0	0.0	1.0
'410'	0.002813715143300592	0.2490760543090424	0.748110230547657
'505'	0.00016929792920869832	0.00592801292576274	0.9939026891450286
'526'	0.0003015612102771691	0.004725835117759815	0.994972603671963
'592'	6.659677644825301e-07	7.4555372435724474e-06	0.9999918784949919
Mola_mola	0.0	1.0	0.0
'57'	0.003370059137902525	0.7855485674524377	0.2110813734096598
Gymnodraco_acuticeps	0.0	0.0	1.0
Notothenia_coriiceps	0.0	0.0	1.0
'106'	0.8360237641788153	0.0220589429779777	0.14191729284320703
Neolamprologus_brichardi	1.0	0.0	0.0
'30'	0.0012006850888773362	0.9658951005658291	0.03290421434529362
Oryzias_javanicus	0.0	1.0	0.0
'122'	0.0008912016717146923	0.9263166373963083	0.07279216093197696
'134'	0.001262850093842581	0.9095199904478289	0.08921715945832853
'22'	0.0003745651899160512	0.37045164994682184	0.629173784863262
Acanthochromis_polyacanthus	0.0	0.0	1.0
Delphinapterus_leucas	0.0	0.0	1.0
Monodon_monoceros	0.0	1.0	0.0
Bos_grunniens	0.0	1.0	0.0
Bos_mutus	0.0	1.0	0.0
Pan_paniscus	0.0	1.0	0.0
Pan_troglodytes	0.0	1.0	0.0
Mandrillus_leucophaeus	0.0	1.0	0.0
Cercocebus_atys	0.0	1.0	0.0
Macaca_mulatta	0.0	1.0	0.0
Macaca_fascicularis	0.0	1.0	0.0
Rynchops_niger	0.0	0.0	1.0
Phaetusa_simplex	0.0	0.0	1.0
Halcyon_senegalensis	0.0	1.0	0.0
Chloroceryle_aenea	0.0	0.0	1.0
Bucco_capensis	0.0	0.0	1.0
'506'	0.0008905244643499572	0.015050294610073223	0.9840591809255769
Drymodes_brunneopygia	0.0	0.0	1.0
Melanocharis_versteri	0.0	0.0	1.0
'569'	4.109444112892856e-07	2.2448235913294647e-06	0.9999973442319975
'593'	1.2654725663093805e-06	1.9598650149660936e-05	0.999979135877284
Tetraodon_nigroviridis	0.0	0.0	1.0
'49'	3.413783307940953e-05	0.9987150601847877	0.001250801982132775
'32'	0.8369258245054065	0.02262248413647958	0.14045169135811394
Haplochromis_burtoni	0.0	0.0	1.0
Oryzias_latipes	0.0	1.0	0.0
Oryzias_sinensis	0.0	1.0	0.0
'29'	0.0010368771246142792	0.945151769743428	0.05381135313195779
'128'	0.0005930642347523664	0.678569775429285	0.32083716033596255
'121'	0.00446283558407445	0.5349385429909961	0.46059862142492963
'136'	6.943801861702559e-05	0.9778066059955013	0.02212395598588167
Amphiprion_ocellaris	0.0	0.0	1.0
Amphiprion_percula	0.0	1.0	0.0
Dryobates_pubescens	0.0	0.0	1.0
'409'	0.000842781454559204	0.013355772876496646	0.9858014456689441
'10'	5.421108110797824e-07	5.653796064792522e-07	0.9999988925095824
Climacteris_rufus	0.0	0.0	1.0
'578'	6.60581195748813e-07	1.0252599043044383e-05	0.9999890868197612
'589'	5.7787682943979906e-05	0.0008975491026603666	0.9990446632143956
Takifugu_rubripes	0.0	1.0	0.0
Takifugu_bimaculatus	0.0	1.0	0.0
Pundamilia_nyererei	1.0	0.0	0.0
'46'	0.16996916215168217	0.35848932288116336	0.47154151496715446
Cyprinodon_variegatus	0.0	1.0	0.0
Fundulus_heteroclitus	0.0	1.0	0.0
'116'	0.0005184886094519491	0.5275486405449242	0.4719328708456238
'123'	0.0001654258631268327	0.8928912152912298	0.10694335884564336
Austrofundulus_limnaeus	0.0	0.0	1.0
Kryptolebias_marmoratus	0.0	0.0	1.0
Nothobranchius_furzeri	0.0	1.0	0.0
'120'	5.191240637423728e-05	0.9624722480451481	0.037475839548477725
Tricholaema_leucomelas	0.0	0.0	1.0
Semnornis_frantzii	0.0	0.0	1.0
'560'	3.7374016879117833e-08	3.468562859380626e-06	0.9999964940631237
'364'	0.001981773174380062	0.0003794901020556692	0.9976387367235642
'581'	1.4318539914481813e-05	0.00022239471623273826	0.9997632867438527
'584'	8.353110015375515e-06	0.00012974036150790536	0.9998619065284767
Serilophus_lunatus	0.0	0.0	1.0
Sapayoa_aenigma	0.0	0.0	1.0
Maylandia_zebra	0.0	0.0	1.0
Astatotilapia_calliptera	0.0	1.0	0.0
Poeciliopsis_prolifica	0.0	0.0	1.0
'24'	0.0005526500374575568	0.4735004817443719	0.5259468682181704
Poecilia_latipinna	0.0	1.0	0.0
'124'	0.00017345623312234977	0.880601466816552	0.11922507695032558
Nothobranchius_pienaari	0.0	1.0	0.0
Nothobranchius_rachovii	0.0	0.0	1.0
'515'	5.740094236258265e-06	0.0018111720512490662	0.9981830878545147
'551'	2.204234402131228e-08	1.3148084425242044e-06	0.9999986631492135
'550'	0.0036736057384898816	0.0006221009024459336	0.9957042933590642
Ptilorrhoa_leucosticta	0.0	0.0	1.0
Tyrannus_savana	0.0	0.0	1.0
'567'	2.534803410095231e-05	0.0003937148899899696	0.9995809370759091
'579'	3.154048912432939e-05	0.0004898962756626442	0.9994785632352129
Grallaria_varia	0.0	0.0	1.0
'28'	0.0002505091033203971	0.50822418842738	0.4915253024692996
Gambusia_affinis	0.0	0.0	1.0
Poecilia_reticulata	0.0	1.0	0.0
Poecilia_formosa	0.0	0.0	1.0
'517'	4.8432241169539335e-05	0.0059934482624276215	0.9939581194964029
'516'	0.0005748178835297418	0.13721573128626977	0.8622094508302005
'541'	3.653172983186054e-07	9.015849315117254e-06	0.9999906188333866
'553'	1.2207151557557055e-06	9.820164388368657e-05	0.9999005776409606
Pachycephala_philippinensis	1.0	0.0	0.0
'558'	0.0023976851501131867	0.0010715017056067576	0.99653081314428
Manacus_vitellinus	0.0	0.0	1.0
Lepidothrix_coronata	0.0	0.0	1.0
Campylorhamphus_procurvoides	0.0	0.0	1.0
Formicarius_rufipectus	0.0	0.0	1.0
Xiphophorus_couchianus	0.0	0.0	1.0
Xiphophorus_maculatus	0.0	1.0	0.0
'525'	0.00014204503032608806	0.016101253076564587	0.9837567018931094
Zosterops_borbonicus	0.0	0.0	1.0
Parus_major	0.0	1.0	0.0
Cyanistes_caeruleus	0.0	0.0	1.0
'514'	5.001133630632367e-06	7.991741345590494e-05	0.9999150814529135
'542'	3.597699253885968e-06	0.00029606304585959824	0.9997003392548865
Chloropsis_hardwickii	0.0	0.0	1.0
'554'	3.0888800525947436e-06	0.00032183598326966824	0.9996750751366777
Erpornis_zantholeuca	0.0	0.0	1.0
Pteruthius_melanotis	0.0	0.0	1.0
Leiothrix_lutea	0.0	1.0	0.0
Cisticola_juncidis	0.0	0.0	1.0
'534'	1.7382846897048005e-05	0.0002720249848475954	0.9997105921682553
Phainopepla_nitens	0.0	0.0	1.0
Rhabdornis_inornatus	0.0	0.0	1.0
'543'	4.177969499041562e-06	0.00037997812620765744	0.9996158439042934
'537'	2.2814524520272077e-05	0.002718833720596272	0.9972583517548834
'365'	0.0001333137015955762	0.015548023649735355	0.9843186626486691
Thryothorus_ludovicianus	0.0	0.0	1.0
Sitta_europaea	0.0	0.0	1.0
'392'	4.177969499041562e-06	0.00037997812620765744	0.9996158439042934
Cinclus_mexicanus	0.0	0.0	1.0
Corvus_brachyrhynchos	0.0	0.0	1.0
'538'	2.442985313145748e-05	0.003083458455254565	0.9968921116916141
'391'	0.00011019233380738246	0.006215509882584009	0.9936742977836086
Serinus_canaria	0.0	1.0	0.0
Catharus_ustulatus	0.0	0.0	1.0
'406'	0.00038217062414819394	0.056501502147655716	0.9431163272281962
'540'	0.00022087999574786938	0.04220860894144629	0.9575705110628059
Geospiza_fortis	0.0	0.0	1.0
Zonotrichia_albicollis	0.0	0.0	1.0
Cardinalis_cardinalis	0.0	0.0	1.0
Ficedula_albicollis	0.0	1.0	0.0
Erithacus_rubecula	0.0	0.0	1.0
Taeniopygia_guttata	0.0	1.0	0.0
Lonchura_striata_domestica	0.0	0.0	1.0
